"H1"||"H"||1||0|||38|||||0|0|0|0|0|0|97.5|100|100|95|100|100|70|78|95|40|48|75||70.1|||0.1|||3.3|||15.9|||33.6|||17.2|||16.4||||||||7|13.5|20||||0.5|1|2||||1.3|1.4|1.5|||||1.46|||4|9|14|0.11|0.16|0.2|||||19.5|||9.8|||44||0|1.5|2.9|13|19|25|0|4|7|0|0|3|".28"|".28"|0|0|0|0|0|0|0|0|0|0|0|0|2.9|5.8|9.5|2.2|4.3|7.1|1|2.4|4.4|4.5|5.3|5.5|||||||||||||||||||||||||||||||||"119333:928067"|"119333:2341746"
"H2"||"H"||2||38|||130|||||0|0|0|0|0|0|97.5|100|100|95|100|100|80|85|100|35|45|80||57|||1.3|||8.4|||15.1|||20.7|||11.5|||18||||||||10|25|40||||0|0|0||||1.4|1.5|1.6|||||1.57|||1.4|8|14|0.12|0.16|0.2|||||24.1|||15.8|||41||0|1.5|2.9|16|30|43|2|10|17|0|1|14|".28"|".28"|0|0|0|0|0|0|0|0|0|0|0|0|2.5|6.2|10|1.9|4.7|7.5|1|2.4|4.4|3.6|4.6|5.5|||||||||||||||||||||||||||||||||"119333:928067"|"119333:2341747"
"H3"||"H"||3||130|||152|||||0|0|0|0|0|0|60|100|100|50|100|100|30|85|100|15|45|80||57|||1.3|||8.4|||15.1|||20.7|||11.5|||18||||||||7|25|40||||0|0|0||||1.4|1.5|1.6|||||1.57|||1.4|8|14|0.1|0.15|0.2|||||24.1|||15.8|||41||0|1.5|2.9|13|30|43|0|10|17|0|1|14|".24"|".28"|0|0|0|0|0|0|0|0|0|0|0|0|1.8|6.2|10|1.3|4.7|7.5|1|2.4|4.4|3.6|4.6|5|||||||||||||||||||||||||||||||||"119333:928067"|"119333:2341748"
"H1"||"H"||1||0|||25|||||0|0|0|0|0|0|100|100|100|98|100|100|60|90|100|30|68|90||44.3|||4.3|||5.9|||7.9|||13.7|||12.5|||40.7||||||||7|15|27||||2|4|6||||1.25|1.3|1.35|||||1.36|||14|28|42|0.1|0.13|0.15|||||28|||12.7|||47||0|1.5|2.9|13|20|31|0|4|10|0|0|8|".24"|".24"|0|0|0|0|0|0|0|0|0|0|0|0|6.2|12.8|20.3|4.7|9.6|15.2|1|2.4|4.4|3.6|4.6|5.5|||||||||||||||||||||||||||||||||"119332:1582225"|"119332:5609242"
"H2"||"H"||2||25|||112|||||0|0|0|0|0|0|100|100|100|98|100|100|60|90|100|30|68|95||32|||3|||4.2|||5.6|||10|||9.2|||48||||||||12|20|40||||0|0.5|1||||1.25|1.38|1.5|||||1.57|||4|9|14|0.1|0.16|0.22|||||27.2|||11.7|||45||3|4.5|5.9|18|25|43|3|7|17|0|2|18|".28"|".28"|0|0|0|0|0|0|0|0|0|0|0|0|3|6.1|12.2|2.2|4.6|9.2|1|2.4|4.4|3.6|4.6|5.5|||||||||||||||||||||||||||||||||"119332:1582225"|"119332:5609243"
"H3"||"H"||3||112|||152|||||0|0|0|0|0|0|100|100|100|98|100|100|50|78|100|5|48|95||52|||3.9|||4.5|||11.2|||19|||13.4|||33||||||||2|15|60||||0|0.5|1||||1.25|1.38|1.5|||||1.57|||4|9|14|0.1|0.16|0.22|||||19.6|||10|||45||3|4.5|5.9|9|20|61|0|4|27|0|0|31|".28"|".28"|0|0|0|0|0|0|0|0|0|0|0|0|0.3|4.9|17.2|0.2|3.7|12.9|1|2.4|4.4|3.6|4.6|5.5|||||||||||||||||||||||||||||||||"119332:1582225"|"119332:5609244"
"H1"||"H"||1||0|||23|||||0|0|0|0|0|0|100|100|100|98|100|100|69|90|100|39|68|90||45|||4.4|||6|||8|||13.9|||12.7|||39||||||||5|16|27||||2|3|5||||1.3|1.4|1.5|||||1.46|||4|9|14|0.14|0.17|0.2|||||28.2|||12.9|||43||0|1.5|2.9|12|21|31|0|5|10|0|0|8|".37"|".37"|0|0|0|0|0|0|0|0|0|0|0|0|5.8|10.8|18.1|4.3|8.1|13.5|1|2.4|4.4|4.5|5.3|6|||||||||||||||||||||||||||||||||"119332:1582203"|"119332:5609185"
"H2"||"H"||2||23|||152|||||0|0|0|0|0|0|100|100|100|98|100|100|59|85|100|29|45|80||65|||1.5|||9.5|||17.2|||23.6|||13.2|||8.5||||||||12|26.5|40||||0|0|0||||1.3|1.4|1.5|||||1.46|||4|9|14|0.14|0.16|0.18|||||24|||15.6|||45||0|1.5|2.9|18|31|43|3|10|17|0|1|14|".32"|".32"|0|0|0|0|0|0|0|0|0|0|0|0|3|6.8|10|2.2|5.1|7.5|1|2.4|4.4|4.5|5|5.5|||||||||||||||||||||||||||||||||"119332:1582203"|"119332:5609186"
"H1"||"H"||1||0|||15|||||0|0|0|0|0|0|100|100|100|100|100|100|50|60|70|5|10|15||95.5|||0.7|||13.1|||37|||37.6|||7.1|||1.5||||||||1|3|5||||2|3|5||||1.35|1.4|1.45|||||1.46|||42|92|141|0.05|0.08|0.1||16.2|||12.8|||6|||43||0|1.5|2.9|8|10|12|0|0|0|0|0|0|".10"|".10"|0|0|0|0|0|0|0|0|0|0|0|0|5|7.6|12.6|3.5|5.6|9.4|1|2.4|4.4|3.6|4.8|6|||||||||||||||||||||||||||||||||"119332:928063"|"119332:2881423"
"H2"||"H"||2||15|||152|||||0|0|0|0|0|0|100|100|100|100|100|100|50|60|80|5|10|35||94.6|||0.7|||12.9|||36.6|||37.3|||7.1|||3.4||||||||1|2|5||||0|0|0||||1.45|1.53|1.6|||||1.6|||42|92|141|0.03|0.06|0.08||11|||6.7|||1.3|||40||0|1.5|2.9|8|9|12|0|0|0|0|0|0|".10"|".10"|0|0|0|0|0|0|0|0|0|0|0|0|0.1|0.3|1.2|0.1|0.2|0.9|1|2.4|4.4|4.5|5.5|6.5|||||||||||||||||||||||||||||||||"119332:928063"|"119332:2881424"
"H1"||"H"||1||0|||56|||||0|0|0|0|0|0|100|100|100|100|100|100|50|60|70|5|10|15||95.5|||0.7|||13.1|||37|||37.6|||7.1|||1.5||||||||1|3|5||||0.5|2|4||||1.4|1.5|1.65|||||1.57|||42|92|141|0.02|0.03|0.05||15.4|||11.8|||4.9|||40||0|1.5|2.9|8|10|12|0|0|0|0|0|0|".10"|".10"|0|0|0|0|0|0|0|0|0|0|0|0|1.4|5.4|10.3|0.8|3.9|7.7|1|2.4|4.4|3.6|5.1|5.5|||||||||||||||||||||||||||||||||"119332:928062"|"119332:2341741"
"H2"||"H"||2||56|||104|||||0|0|0|0|0|0|100|100|100|100|100|100|50|60|80|5|10|35||97|||0.7|||13.3|||37.6|||38.2|||7.2|||0||||||||0|3|5||||0|2|3||||1.5|1.6|1.7|||||1.67|||4|23|42|0.05|0.07|0.1||15.7|||12.1|||5.3|||37||0|1.5|2.9|7|10|12|0|0|0|0|0|0|".15"|".15"|0|0|0|0|0|0|0|0|0|0|0|0|0|5.4|8|0|3.9|6|1|2.4|4.4|3.6|5.1|5.5|||||||||||||||||||||||||||||||||"119332:928062"|"119332:2341742"
"H3"||"H"||3||104|||152|||||0|0|0|0|0|0|100|100|100|100|100|100|80|90|100|3|11.5|20||93.6|||0.7|||12.8|||36.3|||36.9|||6.9|||3.4||||||||0|3|5||||0|2|3||||1.4|1.5|1.65|||||1.57|||4|23|42|0.02|0.03|0.05||15.4|||11.8|||4.9|||40||0|1.5|2.9|7|10|12|0|0|0|0|0|0|".10"|".10"|0|0|0|0|0|0|0|0|0|0|0|0|0|5.4|8|0|3.9|6|1|2.4|4.4|3.6|5.1|5.5|||||||||||||||||||||||||||||||||"119332:928062"|"119332:2341743"
"H1"||"H"||1||0|||23|||||0|0|0|0|0|0|100|100|100|98|100|100|69|90|100|39|68|90||45|||4.4|||6|||8|||13.9|||12.7|||39||||||||5|16|27||||2|3|5||||1.3|1.4|1.5|||||1.46|||4|9|14|0.14|0.17|0.2|||||28.2|||12.9|||43||0|1.5|2.9|12|21|31|0|5|10|0|0|8|".37"|".37"|0|0|0|0|0|0|0|0|0|0|0|0|5.8|10.8|18.1|4.3|8.1|13.5|1|2.4|4.4|4.5|5.3|6|||||||||||||||||||||||||||||||||"119331:928058"|"119331:2341738"
"H2"||"H"||2||23|||152|||||0|0|0|0|0|0|100|100|100|98|100|100|59|85|100|29|45|80||65|||1.5|||9.5|||17.2|||23.6|||13.2|||8.5||||||||12|26.5|40||||0|0|0||||1.3|1.4|1.5|||||1.46|||4|9|14|0.14|0.16|0.18|||||24|||15.6|||45||0|1.5|2.9|18|31|43|3|10|17|0|1|14|".32"|".32"|0|0|0|0|0|0|0|0|0|0|0|0|3|6.8|10|2.2|5.1|7.5|1|2.4|4.4|4.5|5|5.5|||||||||||||||||||||||||||||||||"119331:928058"|"119331:2341739"
"H1"||"H"||1||0|||25|||||0|0|0|0|0|0|100|100|100|98|100|100|60|90|100|30|68|90||44.3|||4.3|||5.9|||7.9|||13.7|||12.5|||40.7||||||||7|15|27||||2|4|6||||1.25|1.3|1.35|||||1.36|||14|28|42|0.1|0.13|0.15|||||28|||12.7|||47||0|1.5|2.9|13|20|31|0|4|10|0|0|8|".24"|".24"|0|0|0|0|0|0|0|0|0|0|0|0|6.2|12.8|20.3|4.7|9.6|15.2|1|2.4|4.4|3.6|4.6|5.5|||||||||||||||||||||||||||||||||"119330:1582224"|"119330:5609239"
"H2"||"H"||2||25|||112|||||0|0|0|0|0|0|100|100|100|98|100|100|60|90|100|30|68|95||32|||3|||4.2|||5.6|||10|||9.2|||48||||||||12|20|40||||0|0.5|1||||1.25|1.38|1.5|||||1.57|||4|9|14|0.1|0.16|0.22|||||27.2|||11.7|||45||3|4.5|5.9|18|25|43|3|7|17|0|2|18|".28"|".28"|0|0|0|0|0|0|0|0|0|0|0|0|3|6.1|12.2|2.2|4.6|9.2|1|2.4|4.4|3.6|4.6|5.5|||||||||||||||||||||||||||||||||"119330:1582224"|"119330:5609240"
"H3"||"H"||3||112|||152|||||0|0|0|0|0|0|100|100|100|98|100|100|50|78|100|5|48|95||52|||3.9|||4.5|||11.2|||19|||13.4|||33||||||||2|15|60||||0|0.5|1||||1.25|1.38|1.5|||||1.57|||4|9|14|0.1|0.16|0.22|||||19.6|||10|||45||3|4.5|5.9|9|20|61|0|4|27|0|0|31|".28"|".28"|0|0|0|0|0|0|0|0|0|0|0|0|0.3|4.9|17.2|0.2|3.7|12.9|1|2.4|4.4|3.6|4.6|5.5|||||||||||||||||||||||||||||||||"119330:1582224"|"119330:5609241"
"H1"||"H"||1||0|||23|||||0|0|0|0|0|0|100|100|100|98|100|100|69|90|100|39|68|90||45|||4.4|||6|||8|||13.9|||12.7|||39||||||||5|16|27||||2|3|5||||1.3|1.4|1.5|||||1.46|||4|9|14|0.14|0.17|0.2|||||28.2|||12.9|||43||0|1.5|2.9|12|21|31|0|5|10|0|0|8|".37"|".37"|0|0|0|0|0|0|0|0|0|0|0|0|5.8|10.8|18.1|4.3|8.1|13.5|1|2.4|4.4|4.5|5.3|6|||||||||||||||||||||||||||||||||"119330:1582202"|"119330:5609183"
"H2"||"H"||2||23|||152|||||0|0|0|0|0|0|100|100|100|98|100|100|59|85|100|29|45|80||65|||1.5|||9.5|||17.2|||23.6|||13.2|||8.5||||||||12|26.5|40||||0|0|0||||1.3|1.4|1.5|||||1.46|||4|9|14|0.14|0.16|0.18|||||24|||15.6|||45||0|1.5|2.9|18|31|43|3|10|17|0|1|14|".32"|".32"|0|0|0|0|0|0|0|0|0|0|0|0|3|6.8|10|2.2|5.1|7.5|1|2.4|4.4|4.5|5|5.5|||||||||||||||||||||||||||||||||"119330:1582202"|"119330:5609184"
"H1"||"H"||1||0|||71|||||0|0|0|0|0|0|100|100|100|95|100|100|50|63|80|15|37|45||83.8|||1.1|||12.1|||26.5|||31.9|||12.2|||9.2||||||||1|7|10||||0.5|1.25|2||||1.5|1.6|1.7|||||1.67|||42|92|141|0.04|0.07|0.1||21.9|||16.7|||7|||37||0|1.5|2.9|8|13|16|0|0|2|0|0|0|".15"|".15"|0|0|0|0|0|0|0|0|0|0|0|0|1.4|4.6|7|0.8|3.4|5.2|1|2.4|4.4|4.5|5.3|6|||||||||||||||||||||||||||||||||"119330:928054"|"119330:2341735"
"H2"||"H"||2||71|||104|||||0|0|0|0|0|0|100|100|100|95|100|100|60|65|85|30|35|55||65.9|||4.3|||14.1|||17.5|||19.6|||10.4|||19.1||||||||10|15|20||||0|0|0||||1.3|1.4|1.5|||||1.46|||4|23|42|0.1|0.12|0.14|||||18.5|||8.8|||45||0|1.5|2.9|16|20|25|2|4|7|0|0|1|".15"|".15"|0|0|0|0|0|0|0|0|0|0|0|0|2.5|2.8|5|1.9|2.8|3.8|1|2.4|4.4|4.5|5.3|6|||||||||||||||||||||||||||||||||"119330:928054"|"119330:2341736"
"H3"||"H"||3||104|||152|||||0|0|0|0|0|0|100|100|100|95|100|100|50|60|75|5|10|30||95.5|||0.7|||13.1|||37|||37.6|||7.1|||1.5||||||||1|3|10||||0|0|0||||1.5|1.6|1.7|||||1.67|||42|92|141|0.01|0.03|0.05||12.4|||8.1|||2.1|||38||0|1.5|2.9|8|10|16|0|0|2|0|0|0|".10"|".10"|0|0|0|0|0|0|0|0|0|0|0|0|0.1|0.6|2.5|0.1|0.5|1.9|1|2.4|4.4|4.5|5.3|6|||||||||||||||||||||||||||||||||"119330:928054"|"119330:2341737"
"H1"||"H"||1||0|||25|||||0|0|0|0|0|0|100|100|100|98|100|100|60|90|100|30|68|90||44.3|||4.3|||5.9|||7.9|||13.7|||12.5|||40.7||||||||7|15|27||||2|4|6||||1.25|1.3|1.35|||||1.36|||14|28|42|0.1|0.13|0.15|||||28|||12.7|||47||0|1.5|2.9|13|20|31|0|4|10|0|0|8|".24"|".24"|0|0|0|0|0|0|0|0|0|0|0|0|6.2|12.8|20.3|4.7|9.6|15.2|1|2.4|4.4|3.6|4.6|5.5|||||||||||||||||||||||||||||||||"119329:1582223"|"119329:5609236"
"H2"||"H"||2||25|||112|||||0|0|0|0|0|0|100|100|100|98|100|100|60|90|100|30|68|95||32|||3|||4.2|||5.6|||10|||9.2|||48||||||||12|20|40||||0|0.5|1||||1.25|1.38|1.5|||||1.57|||4|9|14|0.1|0.16|0.22|||||27.2|||11.7|||45||3|4.5|5.9|18|25|43|3|7|17|0|2|18|".28"|".28"|0|0|0|0|0|0|0|0|0|0|0|0|3|6.1|12.2|2.2|4.6|9.2|1|2.4|4.4|3.6|4.6|5.5|||||||||||||||||||||||||||||||||"119329:1582223"|"119329:5609237"
"H3"||"H"||3||112|||152|||||0|0|0|0|0|0|100|100|100|98|100|100|50|78|100|5|48|95||52|||3.9|||4.5|||11.2|||19|||13.4|||33||||||||2|15|60||||0|0.5|1||||1.25|1.38|1.5|||||1.57|||4|9|14|0.1|0.16|0.22|||||19.6|||10|||45||3|4.5|5.9|9|20|61|0|4|27|0|0|31|".28"|".28"|0|0|0|0|0|0|0|0|0|0|0|0|0.3|4.9|17.2|0.2|3.7|12.9|1|2.4|4.4|3.6|4.6|5.5|||||||||||||||||||||||||||||||||"119329:1582223"|"119329:5609238"
"H1"||"H"||1||0|||38|||||0|0|0|0|0|2|85|100|100|80|100|100|50|78|85|15|48|55||70.9|||0.1|||3.3|||16.1|||34|||17.4|||16.6||||||||7|12.5|20||||0.5|1.25|3||||1.3|1.35|1.4|||||1.41|||14|28|42|0.1|0.14|0.17|||||18.9|||9.2|||46||0|1.5|2.9|13|18|25|0|3|7|0|0|1|".28"|".28"|0|0|0|0|0|0|0|0|0|0|0|0|2.9|6.1|20.8|2.2|4.6|11.8|1|2.4|4.4|4.5|5|5.5|||||||||||||||||||||||||||||||||"119329:928050"|"119329:2881390"
"H2"||"H"||3||38|||84|||||0|0|0|0|0|3|85|100|100|80|100|100|60|85|95|30|45|60||55.5|||1.5|||9|||15.3|||19.5|||10.2|||14.5||||||||12|30|50||||0|0|0||||1.3|1.35|1.4|||||1.41|||14|28|42|0.1|0.13|0.16|||||24.9|||17|||47||0|1.5|2.9|18|34|52|3|12|22|0|2|11|".28"|".28"|0|0|0|0|0|0|0|0|0|0|0|0|3|7.5|12.5|2.2|5.6|9.4|1|2.4|4.4|4.5|5|5.5|||||||||||||||||||||||||||||||||"119329:928050"|"119329:2881391"
"H3"||"H"||4||84|||152|||||0|0|0|0|0|3|85|100|100|80|100|100|60|65|95|30|35|60||65.9|||4.3|||14.1|||17.5|||19.6|||10.4|||19.1||||||||12|15|50||||0|0|0||||1.35|1.4|1.45|||||1.6|||1.4|7|14|0.08|0.13|0.18|||||18.5|||8.8|||45||3|4.5|5.9|18|20|52|3|4|22|0|0|11|".28"|".28"|0|0|0|0|0|0|0|0|0|0|0|0|3|3.8|12.5|2.2|2.8|9.4|1|2.4|4.4|4.5|5|5.5|||||||||||||||||||||||||||||||||"119329:928050"|"119329:2881392"
"H1"||"H"||1||0|||25|||||0|0|0|0|0|0|100|100|100|98|100|100|60|90|100|30|68|90||44.3|||4.3|||5.9|||7.9|||13.7|||12.5|||40.7||||||||7|15|27||||2|4|6||||1.25|1.3|1.35|||||1.36|||14|28|42|0.1|0.13|0.15|||||28|||12.7|||47||0|1.5|2.9|13|20|31|0|4|10|0|0|8|".24"|".24"|0|0|0|0|0|0|0|0|0|0|0|0|6.2|12.8|20.3|4.7|9.6|15.2|1|2.4|4.4|3.6|4.6|5.5|||||||||||||||||||||||||||||||||"119328:1582222"|"119328:5609233"
"H2"||"H"||2||25|||112|||||0|0|0|0|0|0|100|100|100|98|100|100|60|90|100|30|68|95||32|||3|||4.2|||5.6|||10|||9.2|||48||||||||12|20|40||||0|0.5|1||||1.25|1.38|1.5|||||1.57|||4|9|14|0.1|0.16|0.22|||||27.2|||11.7|||45||3|4.5|5.9|18|25|43|3|7|17|0|2|18|".28"|".28"|0|0|0|0|0|0|0|0|0|0|0|0|3|6.1|12.2|2.2|4.6|9.2|1|2.4|4.4|3.6|4.6|5.5|||||||||||||||||||||||||||||||||"119328:1582222"|"119328:5609234"
"H3"||"H"||3||112|||152|||||0|0|0|0|0|0|100|100|100|98|100|100|50|78|100|5|48|95||52|||3.9|||4.5|||11.2|||19|||13.4|||33||||||||2|15|60||||0|0.5|1||||1.25|1.38|1.5|||||1.57|||4|9|14|0.1|0.16|0.22|||||19.6|||10|||45||3|4.5|5.9|9|20|61|0|4|27|0|0|31|".28"|".28"|0|0|0|0|0|0|0|0|0|0|0|0|0.3|4.9|17.2|0.2|3.7|12.9|1|2.4|4.4|3.6|4.6|5.5|||||||||||||||||||||||||||||||||"119328:1582222"|"119328:5609235"
"H1"||"H"||1||0|||38|||||0|0|0|0|0|2|85|100|100|80|100|100|50|78|85|15|48|55||70.9|||0.1|||3.3|||16.1|||34|||17.4|||16.6||||||||7|12.5|20||||0.5|1.25|3||||1.3|1.35|1.4|||||1.41|||14|28|42|0.1|0.14|0.17|||||18.9|||9.2|||46||0|1.5|2.9|13|18|25|0|3|7|0|0|1|".28"|".28"|0|0|0|0|0|0|0|0|0|0|0|0|2.9|6.1|20.8|2.2|4.6|11.8|1|2.4|4.4|4.5|5|5.5|||||||||||||||||||||||||||||||||"119328:928046"|"119328:2341727"
"H2"||"H"||3||38|||84|||||0|0|0|0|0|3|85|100|100|80|100|100|60|85|95|30|45|60||55.5|||1.5|||9|||15.3|||19.5|||10.2|||14.5||||||||12|30|50||||0|0|0||||1.3|1.35|1.4|||||1.41|||14|28|42|0.1|0.13|0.16|||||24.9|||17|||47||0|1.5|2.9|18|34|52|3|12|22|0|2|11|".28"|".28"|0|0|0|0|0|0|0|0|0|0|0|0|3|7.5|12.5|2.2|5.6|9.4|1|2.4|4.4|4.5|5|5.5|||||||||||||||||||||||||||||||||"119328:928046"|"119328:2341729"
"H3"||"H"||4||84|||152|||||0|0|0|0|0|3|85|100|100|80|100|100|60|65|95|30|35|60||65.9|||4.3|||14.1|||17.5|||19.6|||10.4|||19.1||||||||12|15|50||||0|0|0||||1.35|1.4|1.45|||||1.6|||1.4|7|14|0.08|0.13|0.18|||||18.5|||8.8|||45||3|4.5|5.9|18|20|52|3|4|22|0|0|11|".28"|".28"|0|0|0|0|0|0|0|0|0|0|0|0|3|3.8|12.5|2.2|2.8|9.4|1|2.4|4.4|4.5|5|5.5|||||||||||||||||||||||||||||||||"119328:928046"|"119328:2341730"
"H1"||"H"||1||0|||56|||||0|0|0|0|0|0|100|100|100|100|100|100|50|60|70|5|10|15||95.5|||0.7|||13.1|||37|||37.6|||7.1|||1.5||||||||1|3|5||||0.5|2|4||||1.4|1.5|1.65|||||1.57|||42|92|141|0.02|0.03|0.05||15.4|||11.8|||4.9|||40||0|1.5|2.9|8|10|12|0|0|0|0|0|0|".10"|".10"|0|0|0|0|0|0|0|0|0|0|0|0|1.4|5.4|10.3|0.8|3.9|7.7|1|2.4|4.4|3.6|5.1|5.5|||||||||||||||||||||||||||||||||"119327:1582240"|"119327:5609297"
"H2"||"H"||2||56|||104|||||0|0|0|0|0|0|100|100|100|100|100|100|50|60|80|5|10|35||97|||0.7|||13.3|||37.6|||38.2|||7.2|||0||||||||0|3|5||||0|2|3||||1.5|1.6|1.7|||||1.67|||4|23|42|0.05|0.07|0.1||15.7|||12.1|||5.3|||37||0|1.5|2.9|7|10|12|0|0|0|0|0|0|".15"|".15"|0|0|0|0|0|0|0|0|0|0|0|0|0|5.4|8|0|3.9|6|1|2.4|4.4|3.6|5.1|5.5|||||||||||||||||||||||||||||||||"119327:1582240"|"119327:5609298"
"H3"||"H"||3||104|||152|||||0|0|0|0|0|0|100|100|100|100|100|100|80|90|100|3|11.5|20||93.6|||0.7|||12.8|||36.3|||36.9|||6.9|||3.4||||||||0|3|5||||0|2|3||||1.4|1.5|1.65|||||1.57|||4|23|42|0.02|0.03|0.05||15.4|||11.8|||4.9|||40||0|1.5|2.9|7|10|12|0|0|0|0|0|0|".10"|".10"|0|0|0|0|0|0|0|0|0|0|0|0|0|5.4|8|0|3.9|6|1|2.4|4.4|3.6|5.1|5.5|||||||||||||||||||||||||||||||||"119327:1582240"|"119327:5609299"
"H1"||"H"||1||0|||25|||||0|0|0|0|0|0|100|100|100|98|100|100|60|90|100|30|68|90||44.3|||4.3|||5.9|||7.9|||13.7|||12.5|||40.7||||||||7|15|27||||2|4|6||||1.25|1.3|1.35|||||1.36|||14|28|42|0.1|0.13|0.15|||||28|||12.7|||47||0|1.5|2.9|13|20|31|0|4|10|0|0|8|".24"|".24"|0|0|0|0|0|0|0|0|0|0|0|0|6.2|12.8|20.3|4.7|9.6|15.2|1|2.4|4.4|3.6|4.6|5.5|||||||||||||||||||||||||||||||||"119327:1582221"|"119327:5609230"
"H2"||"H"||2||25|||112|||||0|0|0|0|0|0|100|100|100|98|100|100|60|90|100|30|68|95||32|||3|||4.2|||5.6|||10|||9.2|||48||||||||12|20|40||||0|0.5|1||||1.25|1.38|1.5|||||1.57|||4|9|14|0.1|0.16|0.22|||||27.2|||11.7|||45||3|4.5|5.9|18|25|43|3|7|17|0|2|18|".28"|".28"|0|0|0|0|0|0|0|0|0|0|0|0|3|6.1|12.2|2.2|4.6|9.2|1|2.4|4.4|3.6|4.6|5.5|||||||||||||||||||||||||||||||||"119327:1582221"|"119327:5609231"
"H3"||"H"||3||112|||152|||||0|0|0|0|0|0|100|100|100|98|100|100|50|78|100|5|48|95||52|||3.9|||4.5|||11.2|||19|||13.4|||33||||||||2|15|60||||0|0.5|1||||1.25|1.38|1.5|||||1.57|||4|9|14|0.1|0.16|0.22|||||19.6|||10|||45||3|4.5|5.9|9|20|61|0|4|27|0|0|31|".28"|".28"|0|0|0|0|0|0|0|0|0|0|0|0|0.3|4.9|17.2|0.2|3.7|12.9|1|2.4|4.4|3.6|4.6|5.5|||||||||||||||||||||||||||||||||"119327:1582221"|"119327:5609232"
"H1"||"H"||1||0|||23|||||0|0|0|0|0|0|100|100|100|98|100|100|69|90|100|39|68|90||45|||4.4|||6|||8|||13.9|||12.7|||39||||||||5|16|27||||2|3|5||||1.3|1.4|1.5|||||1.46|||4|9|14|0.14|0.17|0.2|||||28.2|||12.9|||43||0|1.5|2.9|12|21|31|0|5|10|0|0|8|".37"|".37"|0|0|0|0|0|0|0|0|0|0|0|0|5.8|10.8|18.1|4.3|8.1|13.5|1|2.4|4.4|4.5|5.3|6|||||||||||||||||||||||||||||||||"119327:1582201"|"119327:5609181"
"H2"||"H"||2||23|||152|||||0|0|0|0|0|0|100|100|100|98|100|100|59|85|100|29|45|80||65|||1.5|||9.5|||17.2|||23.6|||13.2|||8.5||||||||12|26.5|40||||0|0|0||||1.3|1.4|1.5|||||1.46|||4|9|14|0.14|0.16|0.18|||||24|||15.6|||45||0|1.5|2.9|18|31|43|3|10|17|0|1|14|".32"|".32"|0|0|0|0|0|0|0|0|0|0|0|0|3|6.8|10|2.2|5.1|7.5|1|2.4|4.4|4.5|5|5.5|||||||||||||||||||||||||||||||||"119327:1582201"|"119327:5609182"
"H1"||"H"||1||0|||15|||||0|0|0|0|0|0|100|100|100|100|100|100|50|60|70|5|10|15||95.5|||0.7|||13.1|||37|||37.6|||7.1|||1.5||||||||1|3|5||||2|3|5||||1.35|1.4|1.45|||||1.46|||42|92|141|0.05|0.08|0.1||16.2|||12.8|||6|||43||0|1.5|2.9|8|10|12|0|0|0|0|0|0|".10"|".10"|0|0|0|0|0|0|0|0|0|0|0|0|5|7.6|12.6|3.5|5.6|9.4|1|2.4|4.4|3.6|4.8|6|||||||||||||||||||||||||||||||||"119327:928042"|"119327:2341725"
"H2"||"H"||2||15|||152|||||0|0|0|0|0|0|100|100|100|100|100|100|50|60|80|5|10|35||94.6|||0.7|||12.9|||36.6|||37.3|||7.1|||3.4||||||||1|2|5||||0|0|0||||1.45|1.53|1.6|||||1.6|||42|92|141|0.03|0.06|0.08||11|||6.7|||1.3|||40||0|1.5|2.9|8|9|12|0|0|0|0|0|0|".10"|".10"|0|0|0|0|0|0|0|0|0|0|0|0|0.1|0.3|1.2|0.1|0.2|0.9|1|2.4|4.4|4.5|5.5|6.5|||||||||||||||||||||||||||||||||"119327:928042"|"119327:2341726"
"H1"||"H"||1||0|||23|||||0|0|0|0|0|0|100|100|100|98|100|100|69|90|100|39|68|90||45|||4.4|||6|||8|||13.9|||12.7|||39||||||||5|16|27||||2|3|5||||1.3|1.4|1.5|||||1.46|||4|9|14|0.14|0.17|0.2|||||28.2|||12.9|||43||0|1.5|2.9|12|21|31|0|5|10|0|0|8|".37"|".37"|0|0|0|0|0|0|0|0|0|0|0|0|5.8|10.8|18.1|4.3|8.1|13.5|1|2.4|4.4|4.5|5.3|6|||||||||||||||||||||||||||||||||"119326:1582200"|"119326:5609179"
"H2"||"H"||2||23|||152|||||0|0|0|0|0|0|100|100|100|98|100|100|59|85|100|29|45|80||65|||1.5|||9.5|||17.2|||23.6|||13.2|||8.5||||||||12|26.5|40||||0|0|0||||1.3|1.4|1.5|||||1.46|||4|9|14|0.14|0.16|0.18|||||24|||15.6|||45||0|1.5|2.9|18|31|43|3|10|17|0|1|14|".32"|".32"|0|0|0|0|0|0|0|0|0|0|0|0|3|6.8|10|2.2|5.1|7.5|1|2.4|4.4|4.5|5|5.5|||||||||||||||||||||||||||||||||"119326:1582200"|"119326:5609180"
"H1"||"H"||1||0|||5|||||0|0|0|0|0|0|95|100|100|90|100|100|76|100|100|54|95|100||29.1|||2.4|||3.4|||4.8|||9.1|||9.4|||53.4||||||||10|17.5|25||||0.5|1.25|2||||1.2|1.25|1.3|||||1.31|||4|9|14|0.1|0.14|0.17|||||26|||10.2|||50||0|1.5|2.9|16|23|30|2|6|10|0|3|9|".37"|".37"|0|0|0|0|0|0|0|0|0|0|0|0|3.6|7.3|10.8|2.7|5.5|8.1|1|2.4|4.4|3.6|4.6|5.5|||||||||||||||||||||||||||||||||"119326:928039"|"119326:2341722"
"H2"||"H"||2||5|||165|||||0|0|0|0|0|0|95|100|100|90|100|100|90|97.5|100|70|90|95||7.2|||0.2|||0.4|||0.8|||2.3|||3.5|||47.8||||||||27|45|60||||0|0|0||||1.25|1.4|1.5|||||1.74|||0.01|0.2|0.42|0.1|0.16|0.19|||||31.9|||24.3|||45||6|7.5|8.9|31|48|61|10|20|27|5|20|31|".24"|".24"|0|0|0|0|0|0|0|0|0|0|0|0|6.8|11.2|15|5.1|8.4|11.2|1|2.4|4.4|3.6|4.6|5.5|||||||||||||||||||||||||||||||||"119326:928039"|"119326:2341723"
"H1"||"H"||1||0|||38|||||0|0|0|0|0|0|97.5|100|100|95|100|100|70|78|95|40|48|75||70.1|||0.1|||3.3|||15.9|||33.6|||17.2|||16.4||||||||7|13.5|20||||0.5|1|2||||1.3|1.4|1.5|||||1.46|||4|9|14|0.11|0.16|0.2|||||19.5|||9.8|||44||0|1.5|2.9|13|19|25|0|4|7|0|0|3|".28"|".28"|0|0|0|0|0|0|0|0|0|0|0|0|2.9|5.8|9.5|2.2|4.3|7.1|1|2.4|4.4|4.5|5.3|5.5|||||||||||||||||||||||||||||||||"119325:1582237"|"119325:5609281"
"H2"||"H"||2||38|||130|||||0|0|0|0|0|0|97.5|100|100|95|100|100|80|85|100|35|45|80||57|||1.3|||8.4|||15.1|||20.7|||11.5|||18||||||||10|25|40||||0|0|0||||1.4|1.5|1.6|||||1.57|||1.4|8|14|0.12|0.16|0.2|||||24.1|||15.8|||41||0|1.5|2.9|16|30|43|2|10|17|0|1|14|".28"|".28"|0|0|0|0|0|0|0|0|0|0|0|0|2.5|6.2|10|1.9|4.7|7.5|1|2.4|4.4|3.6|4.6|5.5|||||||||||||||||||||||||||||||||"119325:1582237"|"119325:5609282"
"H3"||"H"||3||130|||152|||||0|0|0|0|0|0|60|100|100|50|100|100|30|85|100|15|45|80||57|||1.3|||8.4|||15.1|||20.7|||11.5|||18||||||||7|25|40||||0|0|0||||1.4|1.5|1.6|||||1.57|||1.4|8|14|0.1|0.15|0.2|||||24.1|||15.8|||41||0|1.5|2.9|13|30|43|0|10|17|0|1|14|".24"|".28"|0|0|0|0|0|0|0|0|0|0|0|0|1.8|6.2|10|1.3|4.7|7.5|1|2.4|4.4|3.6|4.6|5|||||||||||||||||||||||||||||||||"119325:1582237"|"119325:5609283"
"H1"||"H"||1||0|||25|||||0|0|0|0|0|0|100|100|100|100|100|100|60|78|85|30|48|55||68.8|||0.1|||3.2|||15.6|||33|||16.9|||16.2||||||||8|15|20||||0.5|1.5|3||||1.3|1.45|1.6|||||1.52|||14|28|42|0.1|0.13|0.15|||||21.2|||11.8|||42||0|1.5|2.9|14|20|25|1|4|7|0|0|1|".20"|".20"|0|0|0|0|0|0|0|0|0|0|0|0|3.1|7.1|11.8|2.3|5.3|8.8|1|2.4|4.4|3.6|4.8|6|||||||||||||||||||||||||||||||||"119325:928144"|"119325:2341825"
"H2"||"H"||2||25|||132|||||0|0|0|0|0|0|100|100|100|100|100|100|70|85|90|45|45|55||56.3|||1.3|||8.3|||14.9|||20.4|||11.4|||17.7||||||||12|26|40||||0|0|0||||1.3|1.4|1.5|||||1.46|||4|9|14|0.11|0.14|0.18|||||23.8|||15.3|||45||0|1.5|2.9|18|30|43|3|10|17|0|1|7|".20"|".20"|0|0|0|0|0|0|0|0|0|0|0|0|3|6.5|10|2.2|4.9|7.5|1|2.4|4.4|3.6|4.6|5.5|||||||||||||||||||||||||||||||||"119325:928144"|"119325:2341827"
"H3"||"H"||3||132|||152|||||0|0|0|0|0|0|90|90|100|85|85|100|42|70|90|13|38|55||68.8|||0.1|||3.2|||15.6|||33|||16.9|||16.2||||||||3|15|35||||0|0|0||||1.3|1.4|1.5|||||1.47|||4|9|14|0.11|0.14|0.17|||||17.5|||8.6|||41||0|1.5|2.9|10|20|38|0|4|14|0|0|5|".20"|".20"|0|0|0|0|0|0|0|0|0|0|0|0|0.6|3.8|8.8|0.5|2.8|6.6|1|2.4|4.4|3.6|4.6|5.5|||||||||||||||||||||||||||||||||"119325:928144"|"119325:2341828"
"H1"||"H"||1||0|||15||||||||||||||||||||||||||||||||||||||||||||||||||||||||||||||||||||||||0|0|0|0|0|0|||||||||||||||||||0|0|0|0|0|0|||0|0|0|0|0|0|0|0|0|0|0|0|||||||1|2.4|4.4||||||||||||||||||||||||||||||||||||"119324:928143"|"119324:2341824"
"H1"||"H"||1||0|||23|||||0|0|0|0|0|0|100|100|100|98|100|100|69|90|100|39|68|90||45|||4.4|||6|||8|||13.9|||12.7|||39||||||||5|16|27||||2|3|5||||1.3|1.4|1.5|||||1.46|||4|9|14|0.14|0.17|0.2|||||28.2|||12.9|||43||0|1.5|2.9|12|21|31|0|5|10|0|0|8|".37"|".37"|0|0|0|0|0|0|0|0|0|0|0|0|5.8|10.8|18.1|4.3|8.1|13.5|1|2.4|4.4|4.5|5.3|6|||||||||||||||||||||||||||||||||"119322:1582218"|"119322:5609219"
"H2"||"H"||2||23|||152|||||0|0|0|0|0|0|100|100|100|98|100|100|59|85|100|29|45|80||65|||1.5|||9.5|||17.2|||23.6|||13.2|||8.5||||||||12|26.5|40||||0|0|0||||1.3|1.4|1.5|||||1.46|||4|9|14|0.14|0.16|0.18|||||24|||15.6|||45||0|1.5|2.9|18|31|43|3|10|17|0|1|14|".32"|".32"|0|0|0|0|0|0|0|0|0|0|0|0|3|6.8|10|2.2|5.1|7.5|1|2.4|4.4|4.5|5|5.5|||||||||||||||||||||||||||||||||"119322:1582218"|"119322:5609220"
"H1"||"H"||1||0|||10|||||0|0|0|0|0|0|90|100|100|75|100|100|64|95|100|60|80|90||29.1|||2.4|||3.4|||4.8|||9.1|||9.4|||53.4||||||||10|17.5|25||||0.5|1.25|2||||1.2|1.25|1.3|||||1.31|||4|9|14|0.1|0.14|0.17|||||26|||10.2|||50||0|1.5|2.9|16|23|30|2|6|10|0|2|8|".37"|".37"|0|0|0|0|0|0|0|0|0|0|0|0|3.6|7.3|10.8|2.7|5.5|8.1|1|2.4|4.4|3.6|4.6|5.5|||||||||||||||||||||||||||||||||"119322:928139"|"119322:2881514"
"H2"||"H"||2||10|||178|||||0|0|0|0|0|0|90|100|100|80|100|100|72|95|100|56|75|95||31.9|||2.9|||3.4|||6.1|||10.8|||8.7|||31.1||||||||30|37|60||||0|0|0||||1.3|1.4|1.5|||||1.74|||0.01|0.2|0.42|0.1|0.14|0.17|||||33.9|||21.8|||45||6|7.5|8.9|34|40|61|12|16|27|7|11|31|".24"|".24"|0|0|0|0|0|0|0|0|0|0|0|0|7.5|9.2|15|5.6|6.9|11.2|1|2.4|4.4|3.6|4.6|5.5|||||||||||||||||||||||||||||||||"119322:928139"|"119322:2881515"
"H1"||"H"||1||0|||71|||||0|0|0|0|0|0|90|100|100|80|100|100|40|60|70|4|10|15||83.8|||1.1|||12.1|||26.5|||31.9|||12.2|||9.2||||||||1|7|12||||0.5|0.75|1||||1.3|1.5|1.7|||||1.57|||42|92|141|0.05|0.08|0.1||20.8|||15.3|||5.8|||41||0|1.5|2.9|8|13|18|0|0|3|0|0|0|".20"|".20"|0|0|0|0|0|0|0|0|0|0|0|0|1.4|3.4|5.2|0.8|2.6|3.9|1|2.4|4.4|4.5|5|5.5|||||||||||||||||||||||||||||||||"119322:928138"|"119322:2881753"
"H2"||"H"||2||71|||132|||||0|0|0|0|0|0|90|100|100|80|100|100|48|85|100|24|45|95||57|||1.3|||8.4|||15.1|||20.7|||11.5|||18||||||||8|25|60||||0|0|0.25||||1.35|1.4|1.5|||||1.6|||1.4|2|4|0.1|0.13|0.16|||||23.4|||14.7|||45||3|4.5|5.9|14|30|61|1|10|27|0|0|10|".24"|".24"|0|0|0|0|0|0|0|0|0|0|0|0|2|6.2|15.6|1.5|4.7|11.7|1|2.4|4.4|4.5|5|5.5|||||||||||||||||||||||||||||||||"119322:928138"|"119322:2881754"
"H3"||"H"||3||132|||152|||||0|0|0|0|0|0|85|100|100|80|100|100|40|65|70|12|35|40||65.9|||4.3|||14.1|||17.5|||19.6|||10.4|||19.1||||||||5|15|20||||0|0|0||||1.35|1.4|1.5|||||1.6|||1.4|2|4|0.1|0.13|0.16|||||18.5|||8.8|||45||3|4.5|5.9|12|20|25|0|4|7|0|0|0|".28"|".28"|0|0|0|0|0|0|0|0|0|0|0|0|1.2|3.8|5|0.9|2.8|3.8|1|2.4|4.4|4.5|5|5.5|||||||||||||||||||||||||||||||||"119322:928138"|"119322:2881755"
"H1"||"H"||1||0|||23|||||0|0|0|0|0|0|100|100|100|98|100|100|69|90|100|39|68|90||45|||4.4|||6|||8|||13.9|||12.7|||39||||||||5|16|27||||2|3|5||||1.3|1.4|1.5|||||1.46|||4|9|14|0.14|0.17|0.2|||||28.2|||12.9|||43||0|1.5|2.9|12|21|31|0|5|10|0|0|8|".37"|".37"|0|0|0|0|0|0|0|0|0|0|0|0|5.8|10.8|18.1|4.3|8.1|13.5|1|2.4|4.4|4.5|5.3|6|||||||||||||||||||||||||||||||||"119321:1582217"|"119321:5609217"
"H2"||"H"||2||23|||152|||||0|0|0|0|0|0|100|100|100|98|100|100|59|85|100|29|45|80||65|||1.5|||9.5|||17.2|||23.6|||13.2|||8.5||||||||12|26.5|40||||0|0|0||||1.3|1.4|1.5|||||1.46|||4|9|14|0.14|0.16|0.18|||||24|||15.6|||45||0|1.5|2.9|18|31|43|3|10|17|0|1|14|".32"|".32"|0|0|0|0|0|0|0|0|0|0|0|0|3|6.8|10|2.2|5.1|7.5|1|2.4|4.4|4.5|5|5.5|||||||||||||||||||||||||||||||||"119321:1582217"|"119321:5609218"
"H1"||"H"||1||0|||10|||||0|0|0|0|0|0|90|100|100|75|100|100|64|95|100|60|80|90||29.1|||2.4|||3.4|||4.8|||9.1|||9.4|||53.4||||||||10|17.5|25||||0.5|1.25|2||||1.2|1.25|1.3|||||1.31|||4|9|14|0.1|0.14|0.17|||||26|||10.2|||50||0|1.5|2.9|16|23|30|2|6|10|0|2|8|".37"|".37"|0|0|0|0|0|0|0|0|0|0|0|0|3.6|7.3|10.8|2.7|5.5|8.1|1|2.4|4.4|3.6|4.6|5.5|||||||||||||||||||||||||||||||||"119321:928135"|"119321:2881507"
"H2"||"H"||2||10|||178|||||0|0|0|0|0|0|90|100|100|80|100|100|72|95|100|56|75|95||31.9|||2.9|||3.4|||6.1|||10.8|||8.7|||31.1||||||||30|37|60||||0|0|0||||1.3|1.4|1.5|||||1.74|||0.01|0.2|0.42|0.1|0.14|0.17|||||33.9|||21.8|||45||6|7.5|8.9|34|40|61|12|16|27|7|11|31|".24"|".24"|0|0|0|0|0|0|0|0|0|0|0|0|7.5|9.2|15|5.6|6.9|11.2|1|2.4|4.4|3.6|4.6|5.5|||||||||||||||||||||||||||||||||"119321:928135"|"119321:2881508"
"H1"||"H"||1||0|||71|||||0|0|0|0|0|0|90|100|100|80|100|100|40|60|70|4|10|15||83.8|||1.1|||12.1|||26.5|||31.9|||12.2|||9.2||||||||1|7|12||||0.5|0.75|1||||1.3|1.5|1.7|||||1.57|||42|92|141|0.05|0.08|0.1||20.8|||15.3|||5.8|||41||0|1.5|2.9|8|13|18|0|0|3|0|0|0|".20"|".20"|0|0|0|0|0|0|0|0|0|0|0|0|1.4|3.4|5.2|0.8|2.6|3.9|1|2.4|4.4|4.5|5|5.5|||||||||||||||||||||||||||||||||"119321:928134"|"119321:2881738"
"H2"||"H"||2||71|||132|||||0|0|0|0|0|0|90|100|100|80|100|100|48|85|100|24|45|95||57|||1.3|||8.4|||15.1|||20.7|||11.5|||18||||||||8|25|60||||0|0|0.25||||1.35|1.4|1.5|||||1.6|||1.4|2|4|0.1|0.13|0.16|||||23.4|||14.7|||45||3|4.5|5.9|14|30|61|1|10|27|0|0|10|".24"|".24"|0|0|0|0|0|0|0|0|0|0|0|0|2|6.2|15.6|1.5|4.7|11.7|1|2.4|4.4|4.5|5|5.5|||||||||||||||||||||||||||||||||"119321:928134"|"119321:2881739"
"H3"||"H"||3||132|||152|||||0|0|0|0|0|0|85|100|100|80|100|100|40|65|70|12|35|40||65.9|||4.3|||14.1|||17.5|||19.6|||10.4|||19.1||||||||5|15|20||||0|0|0||||1.35|1.4|1.5|||||1.6|||1.4|2|4|0.1|0.13|0.16|||||18.5|||8.8|||45||3|4.5|5.9|12|20|25|0|4|7|0|0|0|".28"|".28"|0|0|0|0|0|0|0|0|0|0|0|0|1.2|3.8|5|0.9|2.8|3.8|1|2.4|4.4|4.5|5|5.5|||||||||||||||||||||||||||||||||"119321:928134"|"119321:2881740"
"H1"||"O"||1||0|||38|||||0|0|0|0|0|0|100|100|100|100|100|100||||||||||||||||||||||||||||||||||||||||20|42.5|65||||0.1|0.35|0.6|||||0.37|||4|9|14|0.22|0.24|0.26|||||35.2|||14.9|||||0|1.5|2.9||||||||||||0|0|0|0|0|0|20|30|50|2|9|16|45|95.6|146.3|33.4|71.7|109.7|4.5|19.1|43.9|5|7|8.4|4.8|6.8|8||||||||||||||||||||||||||||||"119320:1582238"|"119320:5609292"
"H2"||"H"||4||38|||152|||||0|0|0|0|0|0|100|100|100|100|100|100|48|97.5|100|14|90|95||10|||0.1|||0.2|||0.7|||2.9|||6.1|||55||||||||5|35|60||||0|1|2||||1.2|1.35|1.5|||||1.41|||4|9|14|0.08|0.14|0.2|||||33|||20.1|||46||0|1.5|2.9|12|38|61|0|14|27|0|13|31|".17"|".17"|0|0|0|0|0|0|20|40|50|2|9|16|1.2|11|19.5|0.9|8.2|14.6|0.1|2.2|5.8|5.1|7|8.4|||||||||||||||||||||||||||||||||"119320:1582238"|"119320:5609293"
"H1"||"H"||1||0|||28|||||0|0|0|0|0|0|100|100|100|100|100|100|95|97.5|100|85|90|95||16.4|||1.2|||1.8|||2.6|||5.2|||5.6|||45.6||||||||30|38|60||||5|15|25||||1.2|1.3|1.4|||||1.61|||0.42|1|1.4|0.02|0.04|0.06|||||39.9|||36.3|||42||6|7.5|8.9|34|48|61|12|20|27|9|20|31|".28"|".28"|0|0|0|0|0|0|5|15|25|2|9|16|12|45|71.3|9|33.8|53.5|1|9.2|21.4|6.1|7.3|8.4|||||||||||||||||||||||||||||||||"119320:928036"|"119320:2341719"
"H2"||"H"||2||28|||152|||||0|0|0|0|0|0|100|100|100|100|100|100|85|97.5|100|45|92.5|95||5.5|||0.2|||0.3|||0.6|||1.7|||2.7|||44.5||||||||35|50|60||||0|0|0||||1.3|1.45|1.6|||||1.8|||0.01|0.2|0.42|0.02|0.04|0.06|||||33.4|||27.3|||43||6|7.5|8.9|38|50|61|14|21|27|3|22|31|".24"|".24"|0|0|0|0|0|0|2|5|10|2|9|16|8.8|12|15|6.6|9|11.2|1|2.4|4.4|6.1|7.3|8.4|||||||||||||||||||||||||||||||||"119320:928036"|"119320:2341720"
"H1"||"H"||1||0|||25|||||0|0|0|0|0|0|100|100|100|98|100|100|60|90|100|30|68|90||44.3|||4.3|||5.9|||7.9|||13.7|||12.5|||40.7||||||||7|15|27||||2|4|6||||1.25|1.3|1.35|||||1.36|||14|28|42|0.1|0.13|0.15|||||28|||12.7|||47||0|1.5|2.9|13|20|31|0|4|10|0|0|8|".24"|".24"|0|0|0|0|0|0|0|0|0|0|0|0|6.2|12.8|20.3|4.7|9.6|15.2|1|2.4|4.4|3.6|4.6|5.5|||||||||||||||||||||||||||||||||"119319:1582236"|"119319:5609278"
"H2"||"H"||2||25|||112|||||0|0|0|0|0|0|100|100|100|98|100|100|60|90|100|30|68|95||32|||3|||4.2|||5.6|||10|||9.2|||48||||||||12|20|40||||0|0.5|1||||1.25|1.38|1.5|||||1.57|||4|9|14|0.1|0.16|0.22|||||27.2|||11.7|||45||3|4.5|5.9|18|25|43|3|7|17|0|2|18|".28"|".28"|0|0|0|0|0|0|0|0|0|0|0|0|3|6.1|12.2|2.2|4.6|9.2|1|2.4|4.4|3.6|4.6|5.5|||||||||||||||||||||||||||||||||"119319:1582236"|"119319:5609279"
"H3"||"H"||3||112|||152|||||0|0|0|0|0|0|100|100|100|98|100|100|50|78|100|5|48|95||52|||3.9|||4.5|||11.2|||19|||13.4|||33||||||||2|15|60||||0|0.5|1||||1.25|1.38|1.5|||||1.57|||4|9|14|0.1|0.16|0.22|||||19.6|||10|||45||3|4.5|5.9|9|20|61|0|4|27|0|0|31|".28"|".28"|0|0|0|0|0|0|0|0|0|0|0|0|0.3|4.9|17.2|0.2|3.7|12.9|1|2.4|4.4|3.6|4.6|5.5|||||||||||||||||||||||||||||||||"119319:1582236"|"119319:5609280"
"H1"||"H"||1||0|||23|||||0|0|0|0|0|0|100|100|100|98|100|100|69|90|100|39|68|90||45|||4.4|||6|||8|||13.9|||12.7|||39||||||||5|16|27||||2|3|5||||1.3|1.4|1.5|||||1.46|||4|9|14|0.14|0.17|0.2|||||28.2|||12.9|||43||0|1.5|2.9|12|21|31|0|5|10|0|0|8|".37"|".37"|0|0|0|0|0|0|0|0|0|0|0|0|5.8|10.8|18.1|4.3|8.1|13.5|1|2.4|4.4|4.5|5.3|6|||||||||||||||||||||||||||||||||"119319:1582216"|"119319:5609215"
"H2"||"H"||2||23|||152|||||0|0|0|0|0|0|100|100|100|98|100|100|59|85|100|29|45|80||65|||1.5|||9.5|||17.2|||23.6|||13.2|||8.5||||||||12|26.5|40||||0|0|0||||1.3|1.4|1.5|||||1.46|||4|9|14|0.14|0.16|0.18|||||24|||15.6|||45||0|1.5|2.9|18|31|43|3|10|17|0|1|14|".32"|".32"|0|0|0|0|0|0|0|0|0|0|0|0|3|6.8|10|2.2|5.1|7.5|1|2.4|4.4|4.5|5|5.5|||||||||||||||||||||||||||||||||"119319:1582216"|"119319:5609216"
"H1"||"H"||1||0|||71|||||0|0|0|0|0|0|90|100|100|80|100|100|40|60|70|4|10|15||83.8|||1.1|||12.1|||26.5|||31.9|||12.2|||9.2||||||||1|7|12||||0.5|0.75|1||||1.3|1.5|1.7|||||1.57|||42|92|141|0.05|0.08|0.1||20.8|||15.3|||5.8|||41||0|1.5|2.9|8|13|18|0|0|3|0|0|0|".20"|".20"|0|0|0|0|0|0|0|0|0|0|0|0|1.4|3.4|5.2|0.8|2.6|3.9|1|2.4|4.4|4.5|5|5.5|||||||||||||||||||||||||||||||||"119319:928130"|"119319:2881723"
"H2"||"H"||2||71|||132|||||0|0|0|0|0|0|90|100|100|80|100|100|48|85|100|24|45|95||57|||1.3|||8.4|||15.1|||20.7|||11.5|||18||||||||8|25|60||||0|0|0.25||||1.35|1.4|1.5|||||1.6|||1.4|2|4|0.1|0.13|0.16|||||23.4|||14.7|||45||3|4.5|5.9|14|30|61|1|10|27|0|0|10|".24"|".24"|0|0|0|0|0|0|0|0|0|0|0|0|2|6.2|15.6|1.5|4.7|11.7|1|2.4|4.4|4.5|5|5.5|||||||||||||||||||||||||||||||||"119319:928130"|"119319:2881724"
"H3"||"H"||3||132|||152|||||0|0|0|0|0|0|85|100|100|80|100|100|40|65|70|12|35|40||65.9|||4.3|||14.1|||17.5|||19.6|||10.4|||19.1||||||||5|15|20||||0|0|0||||1.35|1.4|1.5|||||1.6|||1.4|2|4|0.1|0.13|0.16|||||18.5|||8.8|||45||3|4.5|5.9|12|20|25|0|4|7|0|0|0|".28"|".28"|0|0|0|0|0|0|0|0|0|0|0|0|1.2|3.8|5|0.9|2.8|3.8|1|2.4|4.4|4.5|5|5.5|||||||||||||||||||||||||||||||||"119319:928130"|"119319:2881725"
"H1"||"H"||1||0|||25|||||0|0|0|0|0|0|100|100|100|98|100|100|60|90|100|30|68|90||44.3|||4.3|||5.9|||7.9|||13.7|||12.5|||40.7||||||||7|15|27||||2|4|6||||1.25|1.3|1.35|||||1.36|||14|28|42|0.1|0.13|0.15|||||28|||12.7|||47||0|1.5|2.9|13|20|31|0|4|10|0|0|8|".24"|".24"|0|0|0|0|0|0|0|0|0|0|0|0|6.2|12.8|20.3|4.7|9.6|15.2|1|2.4|4.4|3.6|4.6|5.5|||||||||||||||||||||||||||||||||"119318:1582235"|"119318:5609275"
"H2"||"H"||2||25|||112|||||0|0|0|0|0|0|100|100|100|98|100|100|60|90|100|30|68|95||32|||3|||4.2|||5.6|||10|||9.2|||48||||||||12|20|40||||0|0.5|1||||1.25|1.38|1.5|||||1.57|||4|9|14|0.1|0.16|0.22|||||27.2|||11.7|||45||3|4.5|5.9|18|25|43|3|7|17|0|2|18|".28"|".28"|0|0|0|0|0|0|0|0|0|0|0|0|3|6.1|12.2|2.2|4.6|9.2|1|2.4|4.4|3.6|4.6|5.5|||||||||||||||||||||||||||||||||"119318:1582235"|"119318:5609276"
"H3"||"H"||3||112|||152|||||0|0|0|0|0|0|100|100|100|98|100|100|50|78|100|5|48|95||52|||3.9|||4.5|||11.2|||19|||13.4|||33||||||||2|15|60||||0|0.5|1||||1.25|1.38|1.5|||||1.57|||4|9|14|0.1|0.16|0.22|||||19.6|||10|||45||3|4.5|5.9|9|20|61|0|4|27|0|0|31|".28"|".28"|0|0|0|0|0|0|0|0|0|0|0|0|0.3|4.9|17.2|0.2|3.7|12.9|1|2.4|4.4|3.6|4.6|5.5|||||||||||||||||||||||||||||||||"119318:1582235"|"119318:5609277"
"H1"||"H"||1||0|||23|||||0|0|0|0|0|0|100|100|100|98|100|100|69|90|100|39|68|90||45|||4.4|||6|||8|||13.9|||12.7|||39||||||||5|16|27||||2|3|5||||1.3|1.4|1.5|||||1.46|||4|9|14|0.14|0.17|0.2|||||28.2|||12.9|||43||0|1.5|2.9|12|21|31|0|5|10|0|0|8|".37"|".37"|0|0|0|0|0|0|0|0|0|0|0|0|5.8|10.8|18.1|4.3|8.1|13.5|1|2.4|4.4|4.5|5.3|6|||||||||||||||||||||||||||||||||"119318:1582215"|"119318:5609213"
"H2"||"H"||2||23|||152|||||0|0|0|0|0|0|100|100|100|98|100|100|59|85|100|29|45|80||65|||1.5|||9.5|||17.2|||23.6|||13.2|||8.5||||||||12|26.5|40||||0|0|0||||1.3|1.4|1.5|||||1.46|||4|9|14|0.14|0.16|0.18|||||24|||15.6|||45||0|1.5|2.9|18|31|43|3|10|17|0|1|14|".32"|".32"|0|0|0|0|0|0|0|0|0|0|0|0|3|6.8|10|2.2|5.1|7.5|1|2.4|4.4|4.5|5|5.5|||||||||||||||||||||||||||||||||"119318:1582215"|"119318:5609214"
"H1"||"H"||1||0|||71|||||0|0|0|0|0|0|90|100|100|80|100|100|40|60|70|4|10|15||83.8|||1.1|||12.1|||26.5|||31.9|||12.2|||9.2||||||||1|7|12||||0.5|0.75|1||||1.3|1.5|1.7|||||1.57|||42|92|141|0.05|0.08|0.1||20.8|||15.3|||5.8|||41||0|1.5|2.9|8|13|18|0|0|3|0|0|0|".20"|".20"|0|0|0|0|0|0|0|0|0|0|0|0|1.4|3.4|5.2|0.8|2.6|3.9|1|2.4|4.4|4.5|5|5.5|||||||||||||||||||||||||||||||||"119318:928126"|"119318:2881708"
"H2"||"H"||2||71|||132|||||0|0|0|0|0|0|90|100|100|80|100|100|48|85|100|24|45|95||57|||1.3|||8.4|||15.1|||20.7|||11.5|||18||||||||8|25|60||||0|0|0.25||||1.35|1.4|1.5|||||1.6|||1.4|2|4|0.1|0.13|0.16|||||23.4|||14.7|||45||3|4.5|5.9|14|30|61|1|10|27|0|0|10|".24"|".24"|0|0|0|0|0|0|0|0|0|0|0|0|2|6.2|15.6|1.5|4.7|11.7|1|2.4|4.4|4.5|5|5.5|||||||||||||||||||||||||||||||||"119318:928126"|"119318:2881709"
"H3"||"H"||3||132|||152|||||0|0|0|0|0|0|85|100|100|80|100|100|40|65|70|12|35|40||65.9|||4.3|||14.1|||17.5|||19.6|||10.4|||19.1||||||||5|15|20||||0|0|0||||1.35|1.4|1.5|||||1.6|||1.4|2|4|0.1|0.13|0.16|||||18.5|||8.8|||45||3|4.5|5.9|12|20|25|0|4|7|0|0|0|".28"|".28"|0|0|0|0|0|0|0|0|0|0|0|0|1.2|3.8|5|0.9|2.8|3.8|1|2.4|4.4|4.5|5|5.5|||||||||||||||||||||||||||||||||"119318:928126"|"119318:2881710"
"H1"||"H"||1||0|||25|||||0|0|0|0|0|0|100|100|100|98|100|100|60|90|100|30|68|90||44.3|||4.3|||5.9|||7.9|||13.7|||12.5|||40.7||||||||7|15|27||||2|4|6||||1.25|1.3|1.35|||||1.36|||14|28|42|0.1|0.13|0.15|||||28|||12.7|||47||0|1.5|2.9|13|20|31|0|4|10|0|0|8|".24"|".24"|0|0|0|0|0|0|0|0|0|0|0|0|6.2|12.8|20.3|4.7|9.6|15.2|1|2.4|4.4|3.6|4.6|5.5|||||||||||||||||||||||||||||||||"119317:1582234"|"119317:5609269"
"H2"||"H"||2||25|||112|||||0|0|0|0|0|0|100|100|100|98|100|100|60|90|100|30|68|95||32|||3|||4.2|||5.6|||10|||9.2|||48||||||||12|20|40||||0|0.5|1||||1.25|1.38|1.5|||||1.57|||4|9|14|0.1|0.16|0.22|||||27.2|||11.7|||45||3|4.5|5.9|18|25|43|3|7|17|0|2|18|".28"|".28"|0|0|0|0|0|0|0|0|0|0|0|0|3|6.1|12.2|2.2|4.6|9.2|1|2.4|4.4|3.6|4.6|5.5|||||||||||||||||||||||||||||||||"119317:1582234"|"119317:5609270"
"H3"||"H"||3||112|||152|||||0|0|0|0|0|0|100|100|100|98|100|100|50|78|100|5|48|95||52|||3.9|||4.5|||11.2|||19|||13.4|||33||||||||2|15|60||||0|0.5|1||||1.25|1.38|1.5|||||1.57|||4|9|14|0.1|0.16|0.22|||||19.6|||10|||45||3|4.5|5.9|9|20|61|0|4|27|0|0|31|".28"|".28"|0|0|0|0|0|0|0|0|0|0|0|0|0.3|4.9|17.2|0.2|3.7|12.9|1|2.4|4.4|3.6|4.6|5.5|||||||||||||||||||||||||||||||||"119317:1582234"|"119317:5609271"
"H1"||"H"||1||0|||23|||||0|0|0|0|0|0|100|100|100|98|100|100|69|90|100|39|68|90||45|||4.4|||6|||8|||13.9|||12.7|||39||||||||5|16|27||||2|3|5||||1.3|1.4|1.5|||||1.46|||4|9|14|0.14|0.17|0.2|||||28.2|||12.9|||43||0|1.5|2.9|12|21|31|0|5|10|0|0|8|".37"|".37"|0|0|0|0|0|0|0|0|0|0|0|0|5.8|10.8|18.1|4.3|8.1|13.5|1|2.4|4.4|4.5|5.3|6|||||||||||||||||||||||||||||||||"119317:1582213"|"119317:5609207"
"H2"||"H"||2||23|||152|||||0|0|0|0|0|0|100|100|100|98|100|100|59|85|100|29|45|80||65|||1.5|||9.5|||17.2|||23.6|||13.2|||8.5||||||||12|26.5|40||||0|0|0||||1.3|1.4|1.5|||||1.46|||4|9|14|0.14|0.16|0.18|||||24|||15.6|||45||0|1.5|2.9|18|31|43|3|10|17|0|1|14|".32"|".32"|0|0|0|0|0|0|0|0|0|0|0|0|3|6.8|10|2.2|5.1|7.5|1|2.4|4.4|4.5|5|5.5|||||||||||||||||||||||||||||||||"119317:1582213"|"119317:5609208"
"H1"||"H"||1||0|||71|||||0|0|0|0|0|0|90|100|100|80|100|100|40|60|70|4|10|15||83.8|||1.1|||12.1|||26.5|||31.9|||12.2|||9.2||||||||1|7|12||||0.5|0.75|1||||1.3|1.5|1.7|||||1.57|||42|92|141|0.05|0.08|0.1||20.8|||15.3|||5.8|||41||0|1.5|2.9|8|13|18|0|0|3|0|0|0|".20"|".20"|0|0|0|0|0|0|0|0|0|0|0|0|1.4|3.4|5.2|0.8|2.6|3.9|1|2.4|4.4|4.5|5|5.5|||||||||||||||||||||||||||||||||"119317:928122"|"119317:2341795"
"H2"||"H"||2||71|||132|||||0|0|0|0|0|0|90|100|100|80|100|100|48|85|100|24|45|95||57|||1.3|||8.4|||15.1|||20.7|||11.5|||18||||||||8|25|60||||0|0|0.25||||1.35|1.4|1.5|||||1.6|||1.4|2|4|0.1|0.13|0.16|||||23.4|||14.7|||45||3|4.5|5.9|14|30|61|1|10|27|0|0|10|".24"|".24"|0|0|0|0|0|0|0|0|0|0|0|0|2|6.2|15.6|1.5|4.7|11.7|1|2.4|4.4|4.5|5|5.5|||||||||||||||||||||||||||||||||"119317:928122"|"119317:2341796"
"H3"||"H"||3||132|||152|||||0|0|0|0|0|0|85|100|100|80|100|100|40|65|70|12|35|40||65.9|||4.3|||14.1|||17.5|||19.6|||10.4|||19.1||||||||5|15|20||||0|0|0||||1.35|1.4|1.5|||||1.6|||1.4|2|4|0.1|0.13|0.16|||||18.5|||8.8|||45||3|4.5|5.9|12|20|25|0|4|7|0|0|0|".28"|".28"|0|0|0|0|0|0|0|0|0|0|0|0|1.2|3.8|5|0.9|2.8|3.8|1|2.4|4.4|4.5|5|5.5|||||||||||||||||||||||||||||||||"119317:928122"|"119317:2341797"
"H1"||"H"||1||0|||25|||||0|0|0|0|0|0|100|100|100|98|100|100|60|90|100|30|68|90||44.3|||4.3|||5.9|||7.9|||13.7|||12.5|||40.7||||||||7|15|27||||2|4|6||||1.25|1.3|1.35|||||1.36|||14|28|42|0.1|0.13|0.15|||||28|||12.7|||47||0|1.5|2.9|13|20|31|0|4|10|0|0|8|".24"|".24"|0|0|0|0|0|0|0|0|0|0|0|0|6.2|12.8|20.3|4.7|9.6|15.2|1|2.4|4.4|3.6|4.6|5.5|||||||||||||||||||||||||||||||||"119316:1582233"|"119316:5609266"
"H2"||"H"||2||25|||112|||||0|0|0|0|0|0|100|100|100|98|100|100|60|90|100|30|68|95||32|||3|||4.2|||5.6|||10|||9.2|||48||||||||12|20|40||||0|0.5|1||||1.25|1.38|1.5|||||1.57|||4|9|14|0.1|0.16|0.22|||||27.2|||11.7|||45||3|4.5|5.9|18|25|43|3|7|17|0|2|18|".28"|".28"|0|0|0|0|0|0|0|0|0|0|0|0|3|6.1|12.2|2.2|4.6|9.2|1|2.4|4.4|3.6|4.6|5.5|||||||||||||||||||||||||||||||||"119316:1582233"|"119316:5609267"
"H3"||"H"||3||112|||152|||||0|0|0|0|0|0|100|100|100|98|100|100|50|78|100|5|48|95||52|||3.9|||4.5|||11.2|||19|||13.4|||33||||||||2|15|60||||0|0.5|1||||1.25|1.38|1.5|||||1.57|||4|9|14|0.1|0.16|0.22|||||19.6|||10|||45||3|4.5|5.9|9|20|61|0|4|27|0|0|31|".28"|".28"|0|0|0|0|0|0|0|0|0|0|0|0|0.3|4.9|17.2|0.2|3.7|12.9|1|2.4|4.4|3.6|4.6|5.5|||||||||||||||||||||||||||||||||"119316:1582233"|"119316:5609268"
"H1"||"H"||1||0|||23|||||0|0|0|0|0|0|100|100|100|98|100|100|69|90|100|39|68|90||45|||4.4|||6|||8|||13.9|||12.7|||39||||||||5|16|27||||2|3|5||||1.3|1.4|1.5|||||1.46|||4|9|14|0.14|0.17|0.2|||||28.2|||12.9|||43||0|1.5|2.9|12|21|31|0|5|10|0|0|8|".37"|".37"|0|0|0|0|0|0|0|0|0|0|0|0|5.8|10.8|18.1|4.3|8.1|13.5|1|2.4|4.4|4.5|5.3|6|||||||||||||||||||||||||||||||||"119316:1582212"|"119316:5609204"
"H2"||"H"||2||23|||152|||||0|0|0|0|0|0|100|100|100|98|100|100|59|85|100|29|45|80||65|||1.5|||9.5|||17.2|||23.6|||13.2|||8.5||||||||12|26.5|40||||0|0|0||||1.3|1.4|1.5|||||1.46|||4|9|14|0.14|0.16|0.18|||||24|||15.6|||45||0|1.5|2.9|18|31|43|3|10|17|0|1|14|".32"|".32"|0|0|0|0|0|0|0|0|0|0|0|0|3|6.8|10|2.2|5.1|7.5|1|2.4|4.4|4.5|5|5.5|||||||||||||||||||||||||||||||||"119316:1582212"|"119316:5609205"
"H1"||"H"||1||0|||33|||||0|0|0|0|0|3|95|100|100|90|100|100|70|78|85|28|48|55||70.5|||0.1|||3.3|||16|||33.8|||17.3|||16.5||||||||5|13|20||||0.5|1.25|2||||1.3|1.38|1.45|||||1.44|||14|28|42|0.1|0.12|0.14|||||19.3|||9.7|||45||0|1.5|2.9|12|19|25|0|4|7|0|0|1|".28"|".28"|0|0|0|0|0|0|0|0|0|0|0|0|2.4|6.1|9.5|1.8|4.6|7.1|1|2.4|4.4|3.6|4.6|5.5|||||||||||||||||||||||||||||||||"119316:928119"|"119316:2881655"
"H2"||"H"||2||33|||64|||||0|0|0|0|0|2|95|100|100|90|100|100|54|90|100|27|53|80||58.7|||3.7|||5.5|||14.1|||21.9|||13.5|||17.8||||||||12|23.5|35||||0|0|0||||1.3|1.38|1.45|||||1.44|||4|9|14|0.1|0.14|0.18|||||22.6|||13.6|||46||0|1.5|2.9|18|28|38|3|9|14|0|2|11|".24"|".24"|0|0|0|0|0|0|0|0|0|0|0|0|3|6|8.8|2.2|4.5|6.6|1|2.4|4.4|3.6|4.6|5.5|||||||||||||||||||||||||||||||||"119316:928119"|"119316:2881656"
"H3"||"H"||3||64|||152|||||0|0|0|0|0|2|95|100|100|90|100|100|72|85|100|32|45|80||53.9|||1.2|||7.9|||14.3|||19.6|||10.9|||17.1||||||||18|29|40||||0|0|0||||1.35|1.48|1.6|||||1.69|||0.01|2|4|0.12|0.15|0.18|||||25.6|||18|||42||3|4.5|5.9|23|33|43|6|12|17|0|2|14|".24"|".24"|0|0|0|0|0|0|0|0|0|0|0|0|4.5|7.2|10|3.4|5.4|7.5|1|2.4|4.4|3.6|4.6|5.5|||||||||||||||||||||||||||||||||"119316:928119"|"119316:2881657"
"H1"||"H"||1||0|||25|||||0|0|0|0|0|0|100|100|100|98|100|100|60|90|100|30|68|90||44.3|||4.3|||5.9|||7.9|||13.7|||12.5|||40.7||||||||7|15|27||||2|4|6||||1.25|1.3|1.35|||||1.36|||14|28|42|0.1|0.13|0.15|||||28|||12.7|||47||0|1.5|2.9|13|20|31|0|4|10|0|0|8|".24"|".24"|0|0|0|0|0|0|0|0|0|0|0|0|6.2|12.8|20.3|4.7|9.6|15.2|1|2.4|4.4|3.6|4.6|5.5|||||||||||||||||||||||||||||||||"119315:1582232"|"119315:5609263"
"H2"||"H"||2||25|||112|||||0|0|0|0|0|0|100|100|100|98|100|100|60|90|100|30|68|95||32|||3|||4.2|||5.6|||10|||9.2|||48||||||||12|20|40||||0|0.5|1||||1.25|1.38|1.5|||||1.57|||4|9|14|0.1|0.16|0.22|||||27.2|||11.7|||45||3|4.5|5.9|18|25|43|3|7|17|0|2|18|".28"|".28"|0|0|0|0|0|0|0|0|0|0|0|0|3|6.1|12.2|2.2|4.6|9.2|1|2.4|4.4|3.6|4.6|5.5|||||||||||||||||||||||||||||||||"119315:1582232"|"119315:5609264"
"H3"||"H"||3||112|||152|||||0|0|0|0|0|0|100|100|100|98|100|100|50|78|100|5|48|95||52|||3.9|||4.5|||11.2|||19|||13.4|||33||||||||2|15|60||||0|0.5|1||||1.25|1.38|1.5|||||1.57|||4|9|14|0.1|0.16|0.22|||||19.6|||10|||45||3|4.5|5.9|9|20|61|0|4|27|0|0|31|".28"|".28"|0|0|0|0|0|0|0|0|0|0|0|0|0.3|4.9|17.2|0.2|3.7|12.9|1|2.4|4.4|3.6|4.6|5.5|||||||||||||||||||||||||||||||||"119315:1582232"|"119315:5609265"
"H1"||"H"||1||0|||23|||||0|0|0|0|0|0|100|100|100|98|100|100|69|90|100|39|68|90||45|||4.4|||6|||8|||13.9|||12.7|||39||||||||5|16|27||||2|3|5||||1.3|1.4|1.5|||||1.46|||4|9|14|0.14|0.17|0.2|||||28.2|||12.9|||43||0|1.5|2.9|12|21|31|0|5|10|0|0|8|".37"|".37"|0|0|0|0|0|0|0|0|0|0|0|0|5.8|10.8|18.1|4.3|8.1|13.5|1|2.4|4.4|4.5|5.3|6|||||||||||||||||||||||||||||||||"119315:1582211"|"119315:5609201"
"H2"||"H"||2||23|||152|||||0|0|0|0|0|0|100|100|100|98|100|100|59|85|100|29|45|80||65|||1.5|||9.5|||17.2|||23.6|||13.2|||8.5||||||||12|26.5|40||||0|0|0||||1.3|1.4|1.5|||||1.46|||4|9|14|0.14|0.16|0.18|||||24|||15.6|||45||0|1.5|2.9|18|31|43|3|10|17|0|1|14|".32"|".32"|0|0|0|0|0|0|0|0|0|0|0|0|3|6.8|10|2.2|5.1|7.5|1|2.4|4.4|4.5|5|5.5|||||||||||||||||||||||||||||||||"119315:1582211"|"119315:5609202"
"H1"||"H"||1||0|||33|||||0|0|0|0|0|3|95|100|100|90|100|100|70|78|85|28|48|55||70.5|||0.1|||3.3|||16|||33.8|||17.3|||16.5||||||||5|13|20||||0.5|1.25|2||||1.3|1.38|1.45|||||1.44|||14|28|42|0.1|0.12|0.14|||||19.3|||9.7|||45||0|1.5|2.9|12|19|25|0|4|7|0|0|1|".28"|".28"|0|0|0|0|0|0|0|0|0|0|0|0|2.4|6.1|9.5|1.8|4.6|7.1|1|2.4|4.4|3.6|4.6|5.5|||||||||||||||||||||||||||||||||"119315:928115"|"119315:2881643"
"H2"||"H"||2||33|||64|||||0|0|0|0|0|2|95|100|100|90|100|100|54|90|100|27|53|80||58.7|||3.7|||5.5|||14.1|||21.9|||13.5|||17.8||||||||12|23.5|35||||0|0|0||||1.3|1.38|1.45|||||1.44|||4|9|14|0.1|0.14|0.18|||||22.6|||13.6|||46||0|1.5|2.9|18|28|38|3|9|14|0|2|11|".24"|".24"|0|0|0|0|0|0|0|0|0|0|0|0|3|6|8.8|2.2|4.5|6.6|1|2.4|4.4|3.6|4.6|5.5|||||||||||||||||||||||||||||||||"119315:928115"|"119315:2881644"
"H3"||"H"||3||64|||152|||||0|0|0|0|0|2|95|100|100|90|100|100|72|85|100|32|45|80||53.9|||1.2|||7.9|||14.3|||19.6|||10.9|||17.1||||||||18|29|40||||0|0|0||||1.35|1.48|1.6|||||1.69|||0.01|2|4|0.12|0.15|0.18|||||25.6|||18|||42||3|4.5|5.9|23|33|43|6|12|17|0|2|14|".24"|".24"|0|0|0|0|0|0|0|0|0|0|0|0|4.5|7.2|10|3.4|5.4|7.5|1|2.4|4.4|3.6|4.6|5.5|||||||||||||||||||||||||||||||||"119315:928115"|"119315:2881645"
"H1"||"H"||1||0|||25|||||0|0|0|0|0|0|100|100|100|98|100|100|60|90|100|30|68|90||44.3|||4.3|||5.9|||7.9|||13.7|||12.5|||40.7||||||||7|15|27||||2|4|6||||1.25|1.3|1.35|||||1.36|||14|28|42|0.1|0.13|0.15|||||28|||12.7|||47||0|1.5|2.9|13|20|31|0|4|10|0|0|8|".24"|".24"|0|0|0|0|0|0|0|0|0|0|0|0|6.2|12.8|20.3|4.7|9.6|15.2|1|2.4|4.4|3.6|4.6|5.5|||||||||||||||||||||||||||||||||"119314:1582231"|"119314:5609260"
"H2"||"H"||2||25|||112|||||0|0|0|0|0|0|100|100|100|98|100|100|60|90|100|30|68|95||32|||3|||4.2|||5.6|||10|||9.2|||48||||||||12|20|40||||0|0.5|1||||1.25|1.38|1.5|||||1.57|||4|9|14|0.1|0.16|0.22|||||27.2|||11.7|||45||3|4.5|5.9|18|25|43|3|7|17|0|2|18|".28"|".28"|0|0|0|0|0|0|0|0|0|0|0|0|3|6.1|12.2|2.2|4.6|9.2|1|2.4|4.4|3.6|4.6|5.5|||||||||||||||||||||||||||||||||"119314:1582231"|"119314:5609261"
"H3"||"H"||3||112|||152|||||0|0|0|0|0|0|100|100|100|98|100|100|50|78|100|5|48|95||52|||3.9|||4.5|||11.2|||19|||13.4|||33||||||||2|15|60||||0|0.5|1||||1.25|1.38|1.5|||||1.57|||4|9|14|0.1|0.16|0.22|||||19.6|||10|||45||3|4.5|5.9|9|20|61|0|4|27|0|0|31|".28"|".28"|0|0|0|0|0|0|0|0|0|0|0|0|0.3|4.9|17.2|0.2|3.7|12.9|1|2.4|4.4|3.6|4.6|5.5|||||||||||||||||||||||||||||||||"119314:1582231"|"119314:5609262"
"H1"||"H"||1||0|||23|||||0|0|0|0|0|0|100|100|100|98|100|100|69|90|100|39|68|90||45|||4.4|||6|||8|||13.9|||12.7|||39||||||||5|16|27||||2|3|5||||1.3|1.4|1.5|||||1.46|||4|9|14|0.14|0.17|0.2|||||28.2|||12.9|||43||0|1.5|2.9|12|21|31|0|5|10|0|0|8|".37"|".37"|0|0|0|0|0|0|0|0|0|0|0|0|5.8|10.8|18.1|4.3|8.1|13.5|1|2.4|4.4|4.5|5.3|6|||||||||||||||||||||||||||||||||"119314:1582210"|"119314:5609199"
"H2"||"H"||2||23|||152|||||0|0|0|0|0|0|100|100|100|98|100|100|59|85|100|29|45|80||65|||1.5|||9.5|||17.2|||23.6|||13.2|||8.5||||||||12|26.5|40||||0|0|0||||1.3|1.4|1.5|||||1.46|||4|9|14|0.14|0.16|0.18|||||24|||15.6|||45||0|1.5|2.9|18|31|43|3|10|17|0|1|14|".32"|".32"|0|0|0|0|0|0|0|0|0|0|0|0|3|6.8|10|2.2|5.1|7.5|1|2.4|4.4|4.5|5|5.5|||||||||||||||||||||||||||||||||"119314:1582210"|"119314:5609200"
"H1"||"H"||1||0|||33|||||0|0|0|0|0|3|95|100|100|90|100|100|70|78|85|28|48|55||70.5|||0.1|||3.3|||16|||33.8|||17.3|||16.5||||||||5|13|20||||0.5|1.25|2||||1.3|1.38|1.45|||||1.44|||14|28|42|0.1|0.12|0.14|||||19.3|||9.7|||45||0|1.5|2.9|12|19|25|0|4|7|0|0|1|".28"|".28"|0|0|0|0|0|0|0|0|0|0|0|0|2.4|6.1|9.5|1.8|4.6|7.1|1|2.4|4.4|3.6|4.6|5.5|||||||||||||||||||||||||||||||||"119314:928111"|"119314:2877953"
"H2"||"H"||2||33|||64|||||0|0|0|0|0|2|95|100|100|90|100|100|54|90|100|27|53|80||58.7|||3.7|||5.5|||14.1|||21.9|||13.5|||17.8||||||||12|23.5|35||||0|0|0||||1.3|1.38|1.45|||||1.44|||4|9|14|0.1|0.14|0.18|||||22.6|||13.6|||46||0|1.5|2.9|18|28|38|3|9|14|0|2|11|".24"|".24"|0|0|0|0|0|0|0|0|0|0|0|0|3|6|8.8|2.2|4.5|6.6|1|2.4|4.4|3.6|4.6|5.5|||||||||||||||||||||||||||||||||"119314:928111"|"119314:2877954"
"H3"||"H"||3||64|||152|||||0|0|0|0|0|2|95|100|100|90|100|100|72|85|100|32|45|80||53.9|||1.2|||7.9|||14.3|||19.6|||10.9|||17.1||||||||18|29|40||||0|0|0||||1.35|1.48|1.6|||||1.69|||0.01|2|4|0.12|0.15|0.18|||||25.6|||18|||42||3|4.5|5.9|23|33|43|6|12|17|0|2|14|".24"|".24"|0|0|0|0|0|0|0|0|0|0|0|0|4.5|7.2|10|3.4|5.4|7.5|1|2.4|4.4|3.6|4.6|5.5|||||||||||||||||||||||||||||||||"119314:928111"|"119314:2877955"
"H1"||"H"||1||0|||25|||||0|0|0|0|0|0|100|100|100|98|100|100|60|90|100|30|68|90||44.3|||4.3|||5.9|||7.9|||13.7|||12.5|||40.7||||||||7|15|27||||2|4|6||||1.25|1.3|1.35|||||1.36|||14|28|42|0.1|0.13|0.15|||||28|||12.7|||47||0|1.5|2.9|13|20|31|0|4|10|0|0|8|".24"|".24"|0|0|0|0|0|0|0|0|0|0|0|0|6.2|12.8|20.3|4.7|9.6|15.2|1|2.4|4.4|3.6|4.6|5.5|||||||||||||||||||||||||||||||||"119313:1582230"|"119313:5609257"
"H2"||"H"||2||25|||112|||||0|0|0|0|0|0|100|100|100|98|100|100|60|90|100|30|68|95||32|||3|||4.2|||5.6|||10|||9.2|||48||||||||12|20|40||||0|0.5|1||||1.25|1.38|1.5|||||1.57|||4|9|14|0.1|0.16|0.22|||||27.2|||11.7|||45||3|4.5|5.9|18|25|43|3|7|17|0|2|18|".28"|".28"|0|0|0|0|0|0|0|0|0|0|0|0|3|6.1|12.2|2.2|4.6|9.2|1|2.4|4.4|3.6|4.6|5.5|||||||||||||||||||||||||||||||||"119313:1582230"|"119313:5609258"
"H3"||"H"||3||112|||152|||||0|0|0|0|0|0|100|100|100|98|100|100|50|78|100|5|48|95||52|||3.9|||4.5|||11.2|||19|||13.4|||33||||||||2|15|60||||0|0.5|1||||1.25|1.38|1.5|||||1.57|||4|9|14|0.1|0.16|0.22|||||19.6|||10|||45||3|4.5|5.9|9|20|61|0|4|27|0|0|31|".28"|".28"|0|0|0|0|0|0|0|0|0|0|0|0|0.3|4.9|17.2|0.2|3.7|12.9|1|2.4|4.4|3.6|4.6|5.5|||||||||||||||||||||||||||||||||"119313:1582230"|"119313:5609259"
"H1"||"H"||1||0|||23|||||0|0|0|0|0|0|100|100|100|98|100|100|69|90|100|39|68|90||45|||4.4|||6|||8|||13.9|||12.7|||39||||||||5|16|27||||2|3|5||||1.3|1.4|1.5|||||1.46|||4|9|14|0.14|0.17|0.2|||||28.2|||12.9|||43||0|1.5|2.9|12|21|31|0|5|10|0|0|8|".37"|".37"|0|0|0|0|0|0|0|0|0|0|0|0|5.8|10.8|18.1|4.3|8.1|13.5|1|2.4|4.4|4.5|5.3|6|||||||||||||||||||||||||||||||||"119313:1582209"|"119313:5609197"
"H2"||"H"||2||23|||152|||||0|0|0|0|0|0|100|100|100|98|100|100|59|85|100|29|45|80||65|||1.5|||9.5|||17.2|||23.6|||13.2|||8.5||||||||12|26.5|40||||0|0|0||||1.3|1.4|1.5|||||1.46|||4|9|14|0.14|0.16|0.18|||||24|||15.6|||45||0|1.5|2.9|18|31|43|3|10|17|0|1|14|".32"|".32"|0|0|0|0|0|0|0|0|0|0|0|0|3|6.8|10|2.2|5.1|7.5|1|2.4|4.4|4.5|5|5.5|||||||||||||||||||||||||||||||||"119313:1582209"|"119313:5609198"
"H1"||"H"||1||0|||10|||||0|0|0|0|0|3|95|100|100|90|100|100|57|65|70|28|35|40||65.9|||4.3|||14.1|||17.5|||19.6|||10.4|||19.1||||||||8|15|20||||0.5|1.25|2||||1.3|1.38|1.45|||||1.44|||14|28|42|0.1|0.13|0.17|||||19.9|||10.3|||45||0|1.5|2.9|14|20|25|1|4|7|0|0|0|".28"|".28"|0|0|0|0|0|0|0|0|0|0|0|0|3.1|6.6|9.5|2.3|4.9|7.1|1|2.4|4.4|3.6|4.6|5.5|||||||||||||||||||||||||||||||||"119313:928108"|"119313:2341779"
"H2"||"H"||2||10|||64|||||0|0|0|0|0|2|95|100|100|90|100|100|54|90|100|27|53|80||58.7|||3.7|||5.5|||14.1|||21.9|||13.5|||17.8||||||||12|23.5|35||||0|0|0||||1.3|1.38|1.45|||||1.44|||4|9|14|0.1|0.14|0.18|||||22.6|||13.6|||46||0|1.5|2.9|18|28|38|3|9|14|0|2|11|".24"|".24"|0|0|0|0|0|0|0|0|0|0|0|0|3|6|8.8|2.2|4.5|6.6|1|2.4|4.4|3.6|4.6|5.5|||||||||||||||||||||||||||||||||"119313:928108"|"119313:2881683"
"H3"||"H"||3||64|||152|||||0|0|0|0|0|2|95|100|100|90|100|100|72|85|100|32|45|80||53.9|||1.2|||7.9|||14.3|||19.6|||10.9|||17.1||||||||18|29|40||||0|0|0||||1.35|1.48|1.6|||||1.69|||0.01|2|4|0.12|0.15|0.18|||||25.6|||18|||42||3|4.5|5.9|23|33|43|6|12|17|0|2|14|".24"|".24"|0|0|0|0|0|0|0|0|0|0|0|0|4.5|7.2|10|3.4|5.4|7.5|1|2.4|4.4|3.6|4.6|5.5|||||||||||||||||||||||||||||||||"119313:928108"|"119313:2881684"
"H1"||"H"||1||0|||23|||||0|0|0|0|0|0|100|100|100|98|100|100|69|90|100|39|68|90||45|||4.4|||6|||8|||13.9|||12.7|||39||||||||5|16|27||||2|3|5||||1.3|1.4|1.5|||||1.46|||4|9|14|0.14|0.17|0.2|||||28.2|||12.9|||43||0|1.5|2.9|12|21|31|0|5|10|0|0|8|".37"|".37"|0|0|0|0|0|0|0|0|0|0|0|0|5.8|10.8|18.1|4.3|8.1|13.5|1|2.4|4.4|4.5|5.3|6|||||||||||||||||||||||||||||||||"119312:1582208"|"119312:5609195"
"H2"||"H"||2||23|||152|||||0|0|0|0|0|0|100|100|100|98|100|100|59|85|100|29|45|80||65|||1.5|||9.5|||17.2|||23.6|||13.2|||8.5||||||||12|26.5|40||||0|0|0||||1.3|1.4|1.5|||||1.46|||4|9|14|0.14|0.16|0.18|||||24|||15.6|||45||0|1.5|2.9|18|31|43|3|10|17|0|1|14|".32"|".32"|0|0|0|0|0|0|0|0|0|0|0|0|3|6.8|10|2.2|5.1|7.5|1|2.4|4.4|4.5|5|5.5|||||||||||||||||||||||||||||||||"119312:1582208"|"119312:5609196"
"H1"||"H"||1||0|||41|||||0|0|0|0|0|0|95|100|100|90|100|100|45|63|85|14|23|45||83.8|||1.1|||12.1|||26.5|||31.9|||12.2|||9.2||||||||2|7|12||||0.5|0.75|1||||1.25|1.35|1.45|||||1.41|||42|92|141|0.06|0.08|0.1||20.2|||14.6|||5.2|||46||0|1.5|2.9|9|13|18|0|0|3|0|0|0|".17"|".17"|0|0|0|0|0|0|0|0|0|0|0|0|1.6|3.4|5.2|1|2.6|3.9|1|2.4|4.4|3.6|4.6|5.5|||||||||||||||||||||||||||||||||"119312:928104"|"119312:2341776"
"H2"||"H"||2||41|||91|||||0|0|0|0|0|0|85|100|100|80|100|100|48|65|90|24|35|55||67.4|||4.4|||14.4|||17.9|||20|||10.7|||19.6||||||||8|13|30||||0|0|0||||1.25|1.35|1.45|||||1.41|||14|28|42|0.1|0.13|0.15|||||17.1|||7.4|||47||0|1.5|2.9|14|19|34|1|4|12|0|0|4|".17"|".17"|0|0|0|0|0|0|0|0|0|0|0|0|2|3.2|7.5|1.5|2.4|5.6|1|2.4|4.4|3.6|4.8|6|||||||||||||||||||||||||||||||||"119312:928104"|"119312:2341777"
"H3"||"H"||3||91|||152|||||0|0|0|0|0|0|50|100|100|35|100|100|18|60|70|2|10|15||90|||0.6|||12.3|||34.9|||35.5|||6.7|||6||||||||2|4|18||||0|0|0||||1.25|1.38|1.5|||||1.44|||14|78|141|0.04|0.07|0.1||12.8|||8.6|||2.4|||46||0|1.5|2.9|9|11|23|0|0|6|0|0|0|".17"|".20"|0|0|0|0|0|0|0|0|0|0|0|0|0.3|0.9|4.5|0.2|0.7|3.4|1|2.4|4.4|3.6|5.1|6.5|||||||||||||||||||||||||||||||||"119312:928104"|"119312:2341778"
"H1"||"H"||1||0|||28|||||0|0|0|0|0|0|100|100|100|100|100|100|95|97.5|100|85|90|95||16.4|||1.2|||1.8|||2.6|||5.2|||5.6|||45.6||||||||30|38|60||||5|15|25||||1.2|1.3|1.4|||||1.61|||0.42|1|1.4|0.02|0.04|0.06|||||39.9|||36.3|||42||6|7.5|8.9|34|48|61|12|20|27|9|20|31|".28"|".28"|0|0|0|0|0|0|5|15|25|2|9|16|12|45|71.3|9|33.8|53.5|1|9.2|21.4|6.1|7.3|8.4|||||||||||||||||||||||||||||||||"119311:1582190"|"119311:5609163"
"H2"||"H"||2||28|||152|||||0|0|0|0|0|0|100|100|100|100|100|100|85|97.5|100|45|92.5|95||5.5|||0.2|||0.3|||0.6|||1.7|||2.7|||44.5||||||||35|50|60||||0|0|0||||1.3|1.45|1.6|||||1.8|||0.01|0.2|0.42|0.02|0.04|0.06|||||33.4|||27.3|||43||6|7.5|8.9|38|50|61|14|21|27|3|22|31|".24"|".24"|0|0|0|0|0|0|2|5|10|2|9|16|8.8|12|15|6.6|9|11.2|1|2.4|4.4|6.1|7.3|8.4|||||||||||||||||||||||||||||||||"119311:1582190"|"119311:5609164"
"H1"||"O"||1||0|||38|||||0|0|0|0|0|0|100|100|100|100|100|100||||||||||||||||||||||||||||||||||||||||20|42.5|65||||0.1|0.35|0.6|||||0.37|||4|9|14|0.22|0.24|0.26|||||35.2|||14.9|||||0|1.5|2.9||||||||||||0|0|0|0|0|0|20|30|50|2|9|16|45|95.6|146.3|33.4|71.7|109.7|4.5|19.1|43.9|5|7|8.4|4.8|6.8|8||||||||||||||||||||||||||||||"119311:928100"|"119311:2341772"
"H2"||"H"||4||38|||152|||||0|0|0|0|0|0|100|100|100|100|100|100|48|97.5|100|14|90|95||10|||0.1|||0.2|||0.7|||2.9|||6.1|||55||||||||5|35|60||||0|1|2||||1.2|1.35|1.5|||||1.41|||4|9|14|0.08|0.14|0.2|||||33|||20.1|||46||0|1.5|2.9|12|38|61|0|14|27|0|13|31|".17"|".17"|0|0|0|0|0|0|20|40|50|2|9|16|1.2|11|19.5|0.9|8.2|14.6|0.1|2.2|5.8|5.1|7|8.4|||||||||||||||||||||||||||||||||"119311:928100"|"119311:2341775"
"H1"||"H"||1||0|||23|||||0|0|0|0|0|0|100|100|100|98|100|100|69|90|100|39|68|90||45|||4.4|||6|||8|||13.9|||12.7|||39||||||||5|16|27||||2|3|5||||1.3|1.4|1.5|||||1.46|||4|9|14|0.14|0.17|0.2|||||28.2|||12.9|||43||0|1.5|2.9|12|21|31|0|5|10|0|0|8|".37"|".37"|0|0|0|0|0|0|0|0|0|0|0|0|5.8|10.8|18.1|4.3|8.1|13.5|1|2.4|4.4|4.5|5.3|6|||||||||||||||||||||||||||||||||"119310:1582207"|"119310:5609193"
"H2"||"H"||2||23|||152|||||0|0|0|0|0|0|100|100|100|98|100|100|59|85|100|29|45|80||65|||1.5|||9.5|||17.2|||23.6|||13.2|||8.5||||||||12|26.5|40||||0|0|0||||1.3|1.4|1.5|||||1.46|||4|9|14|0.14|0.16|0.18|||||24|||15.6|||45||0|1.5|2.9|18|31|43|3|10|17|0|1|14|".32"|".32"|0|0|0|0|0|0|0|0|0|0|0|0|3|6.8|10|2.2|5.1|7.5|1|2.4|4.4|4.5|5|5.5|||||||||||||||||||||||||||||||||"119310:1582207"|"119310:5609194"
"H1"||"H"||1||0|||33|||||0|0|0|0|0|3|95|100|100|90|100|100|70|78|85|28|48|55||70.5|||0.1|||3.3|||16|||33.8|||17.3|||16.5||||||||5|13|20||||0.5|1.25|2||||1.3|1.38|1.45|||||1.44|||14|28|42|0.1|0.12|0.14|||||19.3|||9.7|||45||0|1.5|2.9|12|19|25|0|4|7|0|0|1|".28"|".28"|0|0|0|0|0|0|0|0|0|0|0|0|2.4|6.1|9.5|1.8|4.6|7.1|1|2.4|4.4|3.6|4.6|5.5|||||||||||||||||||||||||||||||||"119310:928097"|"119310:2881670"
"H2"||"H"||2||33|||64|||||0|0|0|0|0|2|95|100|100|90|100|100|54|90|100|27|53|80||58.7|||3.7|||5.5|||14.1|||21.9|||13.5|||17.8||||||||12|23.5|35||||0|0|0||||1.3|1.38|1.45|||||1.44|||4|9|14|0.1|0.14|0.18|||||22.6|||13.6|||46||0|1.5|2.9|18|28|38|3|9|14|0|2|11|".24"|".24"|0|0|0|0|0|0|0|0|0|0|0|0|3|6|8.8|2.2|4.5|6.6|1|2.4|4.4|3.6|4.6|5.5|||||||||||||||||||||||||||||||||"119310:928097"|"119310:2881671"
"H3"||"H"||3||64|||152|||||0|0|0|0|0|2|95|100|100|90|100|100|72|85|100|32|45|80||53.9|||1.2|||7.9|||14.3|||19.6|||10.9|||17.1||||||||18|29|40||||0|0|0||||1.35|1.48|1.6|||||1.69|||0.01|2|4|0.12|0.15|0.18|||||25.6|||18|||42||3|4.5|5.9|23|33|43|6|12|17|0|2|14|".24"|".24"|0|0|0|0|0|0|0|0|0|0|0|0|4.5|7.2|10|3.4|5.4|7.5|1|2.4|4.4|3.6|4.6|5.5|||||||||||||||||||||||||||||||||"119310:928097"|"119310:2881672"
"H1"||"H"||1||0|||10|||||0|0|0|0|0|0|90|100|100|75|100|100|64|95|100|60|80|90||29.1|||2.4|||3.4|||4.8|||9.1|||9.4|||53.4||||||||10|17.5|25||||0.5|1.25|2||||1.2|1.25|1.3|||||1.31|||4|9|14|0.1|0.14|0.17|||||26|||10.2|||50||0|1.5|2.9|16|23|30|2|6|10|0|2|8|".37"|".37"|0|0|0|0|0|0|0|0|0|0|0|0|3.6|7.3|10.8|2.7|5.5|8.1|1|2.4|4.4|3.6|4.6|5.5|||||||||||||||||||||||||||||||||"119310:928096"|"119310:2881505"
"H2"||"H"||2||10|||178|||||0|0|0|0|0|0|90|100|100|80|100|100|72|95|100|56|75|95||31.9|||2.9|||3.4|||6.1|||10.8|||8.7|||31.1||||||||30|37|60||||0|0|0||||1.3|1.4|1.5|||||1.74|||0.01|0.2|0.42|0.1|0.14|0.17|||||33.9|||21.8|||45||6|7.5|8.9|34|40|61|12|16|27|7|11|31|".24"|".24"|0|0|0|0|0|0|0|0|0|0|0|0|7.5|9.2|15|5.6|6.9|11.2|1|2.4|4.4|3.6|4.6|5.5|||||||||||||||||||||||||||||||||"119310:928096"|"119310:2881506"
"H1"||"H"||1||0|||25|||||0|0|0|0|0|0|100|100|100|98|100|100|60|90|100|30|68|90||44.3|||4.3|||5.9|||7.9|||13.7|||12.5|||40.7||||||||7|15|27||||2|4|6||||1.25|1.3|1.35|||||1.36|||14|28|42|0.1|0.13|0.15|||||28|||12.7|||47||0|1.5|2.9|13|20|31|0|4|10|0|0|8|".24"|".24"|0|0|0|0|0|0|0|0|0|0|0|0|6.2|12.8|20.3|4.7|9.6|15.2|1|2.4|4.4|3.6|4.6|5.5|||||||||||||||||||||||||||||||||"119309:1582229"|"119309:5609254"
"H2"||"H"||2||25|||112|||||0|0|0|0|0|0|100|100|100|98|100|100|60|90|100|30|68|95||32|||3|||4.2|||5.6|||10|||9.2|||48||||||||12|20|40||||0|0.5|1||||1.25|1.38|1.5|||||1.57|||4|9|14|0.1|0.16|0.22|||||27.2|||11.7|||45||3|4.5|5.9|18|25|43|3|7|17|0|2|18|".28"|".28"|0|0|0|0|0|0|0|0|0|0|0|0|3|6.1|12.2|2.2|4.6|9.2|1|2.4|4.4|3.6|4.6|5.5|||||||||||||||||||||||||||||||||"119309:1582229"|"119309:5609255"
"H3"||"H"||3||112|||152|||||0|0|0|0|0|0|100|100|100|98|100|100|50|78|100|5|48|95||52|||3.9|||4.5|||11.2|||19|||13.4|||33||||||||2|15|60||||0|0.5|1||||1.25|1.38|1.5|||||1.57|||4|9|14|0.1|0.16|0.22|||||19.6|||10|||45||3|4.5|5.9|9|20|61|0|4|27|0|0|31|".28"|".28"|0|0|0|0|0|0|0|0|0|0|0|0|0.3|4.9|17.2|0.2|3.7|12.9|1|2.4|4.4|3.6|4.6|5.5|||||||||||||||||||||||||||||||||"119309:1582229"|"119309:5609256"
"H1"||"H"||1||0|||23|||||0|0|0|0|0|0|100|100|100|98|100|100|69|90|100|39|68|90||45|||4.4|||6|||8|||13.9|||12.7|||39||||||||5|16|27||||2|3|5||||1.3|1.4|1.5|||||1.46|||4|9|14|0.14|0.17|0.2|||||28.2|||12.9|||43||0|1.5|2.9|12|21|31|0|5|10|0|0|8|".37"|".37"|0|0|0|0|0|0|0|0|0|0|0|0|5.8|10.8|18.1|4.3|8.1|13.5|1|2.4|4.4|4.5|5.3|6|||||||||||||||||||||||||||||||||"119309:1582206"|"119309:5609191"
"H2"||"H"||2||23|||152|||||0|0|0|0|0|0|100|100|100|98|100|100|59|85|100|29|45|80||65|||1.5|||9.5|||17.2|||23.6|||13.2|||8.5||||||||12|26.5|40||||0|0|0||||1.3|1.4|1.5|||||1.46|||4|9|14|0.14|0.16|0.18|||||24|||15.6|||45||0|1.5|2.9|18|31|43|3|10|17|0|1|14|".32"|".32"|0|0|0|0|0|0|0|0|0|0|0|0|3|6.8|10|2.2|5.1|7.5|1|2.4|4.4|4.5|5|5.5|||||||||||||||||||||||||||||||||"119309:1582206"|"119309:5609192"
"H1"||"H"||1||0|||5|||||0|0|0|0|0|0|90|100|100|80|100|100|68|95|100|48|75|90||33.5|||3|||4.2|||5.8|||10.5|||10|||36.5||||||||10|30|40||||0.5|0.75|1||||1.25|1.3|1.35|||||1.48|||1.4|2|4|0.12|0.15|0.19|||||31.2|||17.2|||48||3|4.5|5.9|16|34|43|2|12|17|0|8|17|".37"|".37"|0|0|0|0|0|0|0|0|0|0|0|0|3.6|9.2|12.2|2.7|6.9|9.2|1|2.4|4.4|3.6|4.6|5.5|||||||||||||||||||||||||||||||||"119309:928092"|"119309:2877703"
"H2"||"H"||2||5|||178|||||0|0|0|0|0|0|90|100|100|80|100|100|72|95|100|56|75|95||31.9|||2.9|||3.4|||6.1|||10.8|||8.7|||31.1||||||||30|37|60||||0|0|0||||1.3|1.4|1.5|||||1.74|||0.01|0.2|0.42|0.1|0.14|0.17|||||33.9|||21.8|||45||6|7.5|8.9|34|40|61|12|16|27|7|11|31|".24"|".24"|0|0|0|0|0|0|0|0|0|0|0|0|7.5|9.2|15|5.6|6.9|11.2|1|2.4|4.4|3.6|4.6|5.5|||||||||||||||||||||||||||||||||"119309:928092"|"119309:2881490"
"H1"||"H"||1||0|||25|||||0|0|0|0|0|0|100|100|100|98|100|100|60|90|100|30|68|90||44.3|||4.3|||5.9|||7.9|||13.7|||12.5|||40.7||||||||7|15|27||||2|4|6||||1.25|1.3|1.35|||||1.36|||14|28|42|0.1|0.13|0.15|||||28|||12.7|||47||0|1.5|2.9|13|20|31|0|4|10|0|0|8|".24"|".24"|0|0|0|0|0|0|0|0|0|0|0|0|6.2|12.8|20.3|4.7|9.6|15.2|1|2.4|4.4|3.6|4.6|5.5|||||||||||||||||||||||||||||||||"119308:1582228"|"119308:5609251"
"H2"||"H"||2||25|||112|||||0|0|0|0|0|0|100|100|100|98|100|100|60|90|100|30|68|95||32|||3|||4.2|||5.6|||10|||9.2|||48||||||||12|20|40||||0|0.5|1||||1.25|1.38|1.5|||||1.57|||4|9|14|0.1|0.16|0.22|||||27.2|||11.7|||45||3|4.5|5.9|18|25|43|3|7|17|0|2|18|".28"|".28"|0|0|0|0|0|0|0|0|0|0|0|0|3|6.1|12.2|2.2|4.6|9.2|1|2.4|4.4|3.6|4.6|5.5|||||||||||||||||||||||||||||||||"119308:1582228"|"119308:5609252"
"H3"||"H"||3||112|||152|||||0|0|0|0|0|0|100|100|100|98|100|100|50|78|100|5|48|95||52|||3.9|||4.5|||11.2|||19|||13.4|||33||||||||2|15|60||||0|0.5|1||||1.25|1.38|1.5|||||1.57|||4|9|14|0.1|0.16|0.22|||||19.6|||10|||45||3|4.5|5.9|9|20|61|0|4|27|0|0|31|".28"|".28"|0|0|0|0|0|0|0|0|0|0|0|0|0.3|4.9|17.2|0.2|3.7|12.9|1|2.4|4.4|3.6|4.6|5.5|||||||||||||||||||||||||||||||||"119308:1582228"|"119308:5609253"
"H1"||"H"||1||0|||10|||||0|0|0|0|0|0|90|100|100|75|100|100|64|95|100|60|80|90||29.1|||2.4|||3.4|||4.8|||9.1|||9.4|||53.4||||||||10|17.5|25||||0.5|1.25|2||||1.2|1.25|1.3|||||1.31|||4|9|14|0.1|0.14|0.17|||||26|||10.2|||50||0|1.5|2.9|16|23|30|2|6|10|0|2|8|".37"|".37"|0|0|0|0|0|0|0|0|0|0|0|0|3.6|7.3|10.8|2.7|5.5|8.1|1|2.4|4.4|3.6|4.6|5.5|||||||||||||||||||||||||||||||||"119308:928088"|"119308:2881485"
"H2"||"H"||2||10|||178|||||0|0|0|0|0|0|90|100|100|80|100|100|72|95|100|56|75|95||31.9|||2.9|||3.4|||6.1|||10.8|||8.7|||31.1||||||||30|37|60||||0|0|0||||1.3|1.4|1.5|||||1.74|||0.01|0.2|0.42|0.1|0.14|0.17|||||33.9|||21.8|||45||6|7.5|8.9|34|40|61|12|16|27|7|11|31|".24"|".24"|0|0|0|0|0|0|0|0|0|0|0|0|7.5|9.2|15|5.6|6.9|11.2|1|2.4|4.4|3.6|4.6|5.5|||||||||||||||||||||||||||||||||"119308:928088"|"119308:2881486"
"H1"||"H"||1||0|||25|||||0|0|0|0|0|0|100|100|100|98|100|100|60|90|100|30|68|90||44.3|||4.3|||5.9|||7.9|||13.7|||12.5|||40.7||||||||7|15|27||||2|4|6||||1.25|1.3|1.35|||||1.36|||14|28|42|0.1|0.13|0.15|||||28|||12.7|||47||0|1.5|2.9|13|20|31|0|4|10|0|0|8|".24"|".24"|0|0|0|0|0|0|0|0|0|0|0|0|6.2|12.8|20.3|4.7|9.6|15.2|1|2.4|4.4|3.6|4.6|5.5|||||||||||||||||||||||||||||||||"119307:1582227"|"119307:5609248"
"H2"||"H"||2||25|||112|||||0|0|0|0|0|0|100|100|100|98|100|100|60|90|100|30|68|95||32|||3|||4.2|||5.6|||10|||9.2|||48||||||||12|20|40||||0|0.5|1||||1.25|1.38|1.5|||||1.57|||4|9|14|0.1|0.16|0.22|||||27.2|||11.7|||45||3|4.5|5.9|18|25|43|3|7|17|0|2|18|".28"|".28"|0|0|0|0|0|0|0|0|0|0|0|0|3|6.1|12.2|2.2|4.6|9.2|1|2.4|4.4|3.6|4.6|5.5|||||||||||||||||||||||||||||||||"119307:1582227"|"119307:5609249"
"H3"||"H"||3||112|||152|||||0|0|0|0|0|0|100|100|100|98|100|100|50|78|100|5|48|95||52|||3.9|||4.5|||11.2|||19|||13.4|||33||||||||2|15|60||||0|0.5|1||||1.25|1.38|1.5|||||1.57|||4|9|14|0.1|0.16|0.22|||||19.6|||10|||45||3|4.5|5.9|9|20|61|0|4|27|0|0|31|".28"|".28"|0|0|0|0|0|0|0|0|0|0|0|0|0.3|4.9|17.2|0.2|3.7|12.9|1|2.4|4.4|3.6|4.6|5.5|||||||||||||||||||||||||||||||||"119307:1582227"|"119307:5609250"
"H1"||"H"||1||0|||23|||||0|0|0|0|0|0|100|100|100|98|100|100|69|90|100|39|68|90||45|||4.4|||6|||8|||13.9|||12.7|||39||||||||5|16|27||||2|3|5||||1.3|1.4|1.5|||||1.46|||4|9|14|0.14|0.17|0.2|||||28.2|||12.9|||43||0|1.5|2.9|12|21|31|0|5|10|0|0|8|".37"|".37"|0|0|0|0|0|0|0|0|0|0|0|0|5.8|10.8|18.1|4.3|8.1|13.5|1|2.4|4.4|4.5|5.3|6|||||||||||||||||||||||||||||||||"119307:1582205"|"119307:5609189"
"H2"||"H"||2||23|||152|||||0|0|0|0|0|0|100|100|100|98|100|100|59|85|100|29|45|80||65|||1.5|||9.5|||17.2|||23.6|||13.2|||8.5||||||||12|26.5|40||||0|0|0||||1.3|1.4|1.5|||||1.46|||4|9|14|0.14|0.16|0.18|||||24|||15.6|||45||0|1.5|2.9|18|31|43|3|10|17|0|1|14|".32"|".32"|0|0|0|0|0|0|0|0|0|0|0|0|3|6.8|10|2.2|5.1|7.5|1|2.4|4.4|4.5|5|5.5|||||||||||||||||||||||||||||||||"119307:1582205"|"119307:5609190"
"H1"||"H"||1||0|||10|||||0|0|0|0|0|0|90|100|100|75|100|100|64|95|100|60|80|90||29.1|||2.4|||3.4|||4.8|||9.1|||9.4|||53.4||||||||10|17.5|25||||0.5|1.25|2||||1.2|1.25|1.3|||||1.31|||4|9|14|0.1|0.14|0.17|||||26|||10.2|||50||0|1.5|2.9|16|23|30|2|6|10|0|2|8|".37"|".37"|0|0|0|0|0|0|0|0|0|0|0|0|3.6|7.3|10.8|2.7|5.5|8.1|1|2.4|4.4|3.6|4.6|5.5|||||||||||||||||||||||||||||||||"119307:928084"|"119307:2881481"
"H2"||"H"||2||10|||178|||||0|0|0|0|0|0|90|100|100|80|100|100|72|95|100|56|75|95||31.9|||2.9|||3.4|||6.1|||10.8|||8.7|||31.1||||||||30|37|60||||0|0|0||||1.3|1.4|1.5|||||1.74|||0.01|0.2|0.42|0.1|0.14|0.17|||||33.9|||21.8|||45||6|7.5|8.9|34|40|61|12|16|27|7|11|31|".24"|".24"|0|0|0|0|0|0|0|0|0|0|0|0|7.5|9.2|15|5.6|6.9|11.2|1|2.4|4.4|3.6|4.6|5.5|||||||||||||||||||||||||||||||||"119307:928084"|"119307:2881482"
"H1"||"H"||1||0|||23|||||0|0|0|0|0|0|100|100|100|98|100|100|69|90|100|39|68|90||45|||4.4|||6|||8|||13.9|||12.7|||39||||||||5|16|27||||2|3|5||||1.3|1.4|1.5|||||1.46|||4|9|14|0.14|0.17|0.2|||||28.2|||12.9|||43||0|1.5|2.9|12|21|31|0|5|10|0|0|8|".37"|".37"|0|0|0|0|0|0|0|0|0|0|0|0|5.8|10.8|18.1|4.3|8.1|13.5|1|2.4|4.4|4.5|5.3|6|||||||||||||||||||||||||||||||||"119306:1582204"|"119306:5609187"
"H2"||"H"||2||23|||152|||||0|0|0|0|0|0|100|100|100|98|100|100|59|85|100|29|45|80||65|||1.5|||9.5|||17.2|||23.6|||13.2|||8.5||||||||12|26.5|40||||0|0|0||||1.3|1.4|1.5|||||1.46|||4|9|14|0.14|0.16|0.18|||||24|||15.6|||45||0|1.5|2.9|18|31|43|3|10|17|0|1|14|".32"|".32"|0|0|0|0|0|0|0|0|0|0|0|0|3|6.8|10|2.2|5.1|7.5|1|2.4|4.4|4.5|5|5.5|||||||||||||||||||||||||||||||||"119306:1582204"|"119306:5609188"
"H1"||"H"||1||0|||5|||||0|0|0|0|0|0|95|100|100|90|100|100|76|100|100|54|95|100||29.1|||2.4|||3.4|||4.8|||9.1|||9.4|||53.4||||||||10|17.5|25||||0.5|1.25|2||||1.2|1.25|1.3|||||1.31|||4|9|14|0.1|0.14|0.17|||||26|||10.2|||50||0|1.5|2.9|16|23|30|2|6|10|0|3|9|".37"|".37"|0|0|0|0|0|0|0|0|0|0|0|0|3.6|7.3|10.8|2.7|5.5|8.1|1|2.4|4.4|3.6|4.6|5.5|||||||||||||||||||||||||||||||||"119306:1582194"|"119306:5609169"
"H2"||"H"||2||5|||165|||||0|0|0|0|0|0|95|100|100|90|100|100|90|97.5|100|70|90|95||7.2|||0.2|||0.4|||0.8|||2.3|||3.5|||47.8||||||||27|45|60||||0|0|0||||1.25|1.4|1.5|||||1.74|||0.01|0.2|0.42|0.1|0.16|0.19|||||31.9|||24.3|||45||6|7.5|8.9|31|48|61|10|20|27|5|20|31|".24"|".24"|0|0|0|0|0|0|0|0|0|0|0|0|6.8|11.2|15|5.1|8.4|11.2|1|2.4|4.4|3.6|4.6|5.5|||||||||||||||||||||||||||||||||"119306:1582194"|"119306:5609170"
"H1"||"H"||1||0|||10|||||0|0|0|0|0|0|90|100|100|75|100|100|64|95|100|60|80|90||29.1|||2.4|||3.4|||4.8|||9.1|||9.4|||53.4||||||||10|17.5|25||||0.5|1.25|2||||1.2|1.25|1.3|||||1.31|||4|9|14|0.1|0.14|0.17|||||26|||10.2|||50||0|1.5|2.9|16|23|30|2|6|10|0|2|8|".37"|".37"|0|0|0|0|0|0|0|0|0|0|0|0|3.6|7.3|10.8|2.7|5.5|8.1|1|2.4|4.4|3.6|4.6|5.5|||||||||||||||||||||||||||||||||"119306:928080"|"119306:2341758"
"H2"||"H"||2||10|||178|||||0|0|0|0|0|0|90|100|100|80|100|100|72|95|100|56|75|95||31.9|||2.9|||3.4|||6.1|||10.8|||8.7|||31.1||||||||30|37|60||||0|0|0||||1.3|1.4|1.5|||||1.74|||0.01|0.2|0.42|0.1|0.14|0.17|||||33.9|||21.8|||45||6|7.5|8.9|34|40|61|12|16|27|7|11|31|".24"|".24"|0|0|0|0|0|0|0|0|0|0|0|0|7.5|9.2|15|5.6|6.9|11.2|1|2.4|4.4|3.6|4.6|5.5|||||||||||||||||||||||||||||||||"119306:928080"|"119306:2341759"
"H1"||"H"||1||0|||25|||||0|0|0|0|0|0|100|100|100|98|100|100|60|90|100|30|68|90||44.3|||4.3|||5.9|||7.9|||13.7|||12.5|||40.7||||||||7|15|27||||2|4|6||||1.25|1.3|1.35|||||1.36|||14|28|42|0.1|0.13|0.15|||||28|||12.7|||47||0|1.5|2.9|13|20|31|0|4|10|0|0|8|".24"|".24"|0|0|0|0|0|0|0|0|0|0|0|0|6.2|12.8|20.3|4.7|9.6|15.2|1|2.4|4.4|3.6|4.6|5.5|||||||||||||||||||||||||||||||||"119305:1582226"|"119305:5609245"
"H2"||"H"||2||25|||112|||||0|0|0|0|0|0|100|100|100|98|100|100|60|90|100|30|68|95||32|||3|||4.2|||5.6|||10|||9.2|||48||||||||12|20|40||||0|0.5|1||||1.25|1.38|1.5|||||1.57|||4|9|14|0.1|0.16|0.22|||||27.2|||11.7|||45||3|4.5|5.9|18|25|43|3|7|17|0|2|18|".28"|".28"|0|0|0|0|0|0|0|0|0|0|0|0|3|6.1|12.2|2.2|4.6|9.2|1|2.4|4.4|3.6|4.6|5.5|||||||||||||||||||||||||||||||||"119305:1582226"|"119305:5609246"
"H3"||"H"||3||112|||152|||||0|0|0|0|0|0|100|100|100|98|100|100|50|78|100|5|48|95||52|||3.9|||4.5|||11.2|||19|||13.4|||33||||||||2|15|60||||0|0.5|1||||1.25|1.38|1.5|||||1.57|||4|9|14|0.1|0.16|0.22|||||19.6|||10|||45||3|4.5|5.9|9|20|61|0|4|27|0|0|31|".28"|".28"|0|0|0|0|0|0|0|0|0|0|0|0|0.3|4.9|17.2|0.2|3.7|12.9|1|2.4|4.4|3.6|4.6|5.5|||||||||||||||||||||||||||||||||"119305:1582226"|"119305:5609247"
"H1"||"H"||1||0|||71|||||0|0|0|0|0|0|90|100|100|80|100|100|50|63|85|15|23|45||83|||1.1|||12|||26.2|||31.6|||12.1|||9||||||||1|8|12||||0.5|0.75|1||||1.2|1.35|1.5|||||1.41|||42|92|141|0.06|0.08|0.1||20.8|||15.4|||5.8|||46||0|1.5|2.9|8|14|18|0|1|3|0|0|0|".10"|".10"|0|0|0|0|0|0|0|0|0|0|0|0|1.4|3.7|5.2|0.8|2.8|3.9|1|2.4|4.4|3.6|4.8|6|||||||||||||||||||||||||||||||||"119305:928076"|"119305:2341755"
"H2"||"H"||2||71|||132|||||0|0|0|0|0|0|100|100|100|98|100|100|60|85|95|30|45|75||57|||1.3|||8.4|||15.1|||20.7|||11.5|||18||||||||8|25|35||||0|0|0||||1.2|1.28|1.35|||||1.34|||4|23|42|0.1|0.14|0.17|||||22.4|||13.4|||49||0|1.5|2.9|14|30|38|1|10|14|0|1|10|".20"|".20"|0|0|0|0|0|0|0|0|0|0|0|0|2|6.2|8.8|1.5|4.7|6.6|1|2.4|4.4|3.6|4.8|6|||||||||||||||||||||||||||||||||"119305:928076"|"119305:2341756"
"H3"||"H"||3||132|||152|||||0|0|0|0|0|0|95|100|100|95|100|100|48|63|70|5|23|40||77|||1|||11.1|||24.3|||29.3|||11.3|||16||||||||2|7|12||||0|0|0||||1.35|1.45|1.55|||||1.52|||42|92|141|0.04|0.07|0.1||19.4|||13.8|||4.6|||43||0|1.5|2.9|9|13|18|0|0|3|0|0|0|".17"|".17"|0|0|0|0|0|0|0|0|0|0|0|0|0.3|1.8|3|0.2|1.3|2.2|1|2.4|4.4|3.6|4.8|6|||||||||||||||||||||||||||||||||"119305:928076"|"119305:2341757"
"H1"||"H"||1||0|||10|||||0|0|0|0|0|0|90|100|100|80|100|100|50|95|100|15|80|90||30.1|||2.5|||3.5|||5|||9.4|||9.7|||54.9||||||||3|15|25||||0.5|1.25|2||||1.2|1.25|1.3|||||1.31|||4|9|14|0.1|0.13|0.15|||||24.8|||9|||50||0|1.5|2.9|10|20|30|0|4|10|0|0|8|".37"|".37"|0|0|0|0|0|0|0|0|0|0|0|0|4.9|6.6|10.8|3.7|4.9|8.1|1|2.4|4.4|3.6|4.8|6|||||||||||||||||||||||||||||||||"119305:928075"|"119305:2341752"
"H2"||"H"||2||10|||145|||||0|0|0|0|0|0|90|100|100|90|100|100|81|95|100|70|75|95||33.3|||2.9|||4.1|||5.8|||10.5|||10|||31.7||||||||30|35|60||||0|0|0||||1.3|1.4|1.5|||||1.6|||0.42|1|1.4|0.1|0.14|0.17|||||33.3|||20.6|||45||3|4.5|5.9|34|38|61|12|14|27|7|10|31|".24"|".24"|0|0|0|0|0|0|0|0|0|0|0|0|7.5|8.8|15|5.6|6.6|11.2|1|2.4|4.4|3.6|4.8|6|||||||||||||||||||||||||||||||||"119305:928075"|"119305:2341753"
"H3"||"H"||3||145|||162|||||0|0|0|0|0|2|70|100|100|55|100|100|50|85|90|15|45|55||57|||1.3|||8.4|||15.1|||20.7|||11.5|||18||||||||10|25|35||||0|0|0||||1.3|1.4|1.5|||||1.46|||4|23|42|0.06|0.09|0.12|||||23.4|||14.7|||45||0|1.5|2.9|16|30|38|2|10|14|0|1|5|".20"|".24"|0|0|0|0|0|0|0|0|0|0|0|0|2.5|6.2|8.8|1.9|4.7|6.6|1|2.4|4.4|3.6|4.8|6|||||||||||||||||||||||||||||||||"119305:928075"|"119305:2341754"
"H1"||"H"||1||0|||25|||||0|0|0|0|0|0|100|100|100|98|100|100|60|90|100|30|68|90||44.3|||4.3|||5.9|||7.9|||13.7|||12.5|||40.7||||||||7|15|27||||2|4|6||||1.25|1.3|1.35|||||1.36|||14|28|42|0.1|0.13|0.15|||||28|||12.7|||47||0|1.5|2.9|13|20|31|0|4|10|0|0|8|".24"|".24"|0|0|0|0|0|0|0|0|0|0|0|0|6.2|12.8|20.3|4.7|9.6|15.2|1|2.4|4.4|3.6|4.6|5.5|||||||||||||||||||||||||||||||||"119304:928071"|"119304:2341749"
"H2"||"H"||2||25|||112|||||0|0|0|0|0|0|100|100|100|98|100|100|60|90|100|30|68|95||32|||3|||4.2|||5.6|||10|||9.2|||48||||||||12|20|40||||0|0.5|1||||1.25|1.38|1.5|||||1.57|||4|9|14|0.1|0.16|0.22|||||27.2|||11.7|||45||3|4.5|5.9|18|25|43|3|7|17|0|2|18|".28"|".28"|0|0|0|0|0|0|0|0|0|0|0|0|3|6.1|12.2|2.2|4.6|9.2|1|2.4|4.4|3.6|4.6|5.5|||||||||||||||||||||||||||||||||"119304:928071"|"119304:2341750"
"H3"||"H"||3||112|||152|||||0|0|0|0|0|0|100|100|100|98|100|100|50|78|100|5|48|95||52|||3.9|||4.5|||11.2|||19|||13.4|||33||||||||2|15|60||||0|0.5|1||||1.25|1.38|1.5|||||1.57|||4|9|14|0.1|0.16|0.22|||||19.6|||10|||45||3|4.5|5.9|9|20|61|0|4|27|0|0|31|".28"|".28"|0|0|0|0|0|0|0|0|0|0|0|0|0.3|4.9|17.2|0.2|3.7|12.9|1|2.4|4.4|3.6|4.6|5.5|||||||||||||||||||||||||||||||||"119304:928071"|"119304:2341751"
"H1"||"H"||1||0|||56|||||0|0|0|0|0|0|100|100|100|100|100|100|50|60|70|5|10|15||95.5|||0.7|||13.1|||37|||37.6|||7.1|||1.5||||||||1|3|5||||0.5|2|4||||1.4|1.5|1.65|||||1.57|||42|92|141|0.02|0.03|0.05||15.4|||11.8|||4.9|||40||0|1.5|2.9|8|10|12|0|0|0|0|0|0|".10"|".10"|0|0|0|0|0|0|0|0|0|0|0|0|1.4|5.4|10.3|0.8|3.9|7.7|1|2.4|4.4|3.6|5.1|5.5|||||||||||||||||||||||||||||||||"119303:1582239"|"119303:5609294"
"H2"||"H"||2||56|||104|||||0|0|0|0|0|0|100|100|100|100|100|100|50|60|80|5|10|35||97|||0.7|||13.3|||37.6|||38.2|||7.2|||0||||||||0|3|5||||0|2|3||||1.5|1.6|1.7|||||1.67|||4|23|42|0.05|0.07|0.1||15.7|||12.1|||5.3|||37||0|1.5|2.9|7|10|12|0|0|0|0|0|0|".15"|".15"|0|0|0|0|0|0|0|0|0|0|0|0|0|5.4|8|0|3.9|6|1|2.4|4.4|3.6|5.1|5.5|||||||||||||||||||||||||||||||||"119303:1582239"|"119303:5609295"
"H3"||"H"||3||104|||152|||||0|0|0|0|0|0|100|100|100|100|100|100|80|90|100|3|11.5|20||93.6|||0.7|||12.8|||36.3|||36.9|||6.9|||3.4||||||||0|3|5||||0|2|3||||1.4|1.5|1.65|||||1.57|||4|23|42|0.02|0.03|0.05||15.4|||11.8|||4.9|||40||0|1.5|2.9|7|10|12|0|0|0|0|0|0|".10"|".10"|0|0|0|0|0|0|0|0|0|0|0|0|0|5.4|8|0|3.9|6|1|2.4|4.4|3.6|5.1|5.5|||||||||||||||||||||||||||||||||"119303:1582239"|"119303:5609296"
"H1"||"H"||1||0|||25|||||0|0|0|0|0|0|100|100|100|98|100|100|60|90|100|30|68|90||44.3|||4.3|||5.9|||7.9|||13.7|||12.5|||40.7||||||||7|15|27||||2|4|6||||1.25|1.3|1.35|||||1.36|||14|28|42|0.1|0.13|0.15|||||28|||12.7|||47||0|1.5|2.9|13|20|31|0|4|10|0|0|8|".24"|".24"|0|0|0|0|0|0|0|0|0|0|0|0|6.2|12.8|20.3|4.7|9.6|15.2|1|2.4|4.4|3.6|4.6|5.5|||||||||||||||||||||||||||||||||"119303:1582220"|"119303:5609227"
"H2"||"H"||2||25|||112|||||0|0|0|0|0|0|100|100|100|98|100|100|60|90|100|30|68|95||32|||3|||4.2|||5.6|||10|||9.2|||48||||||||12|20|40||||0|0.5|1||||1.25|1.38|1.5|||||1.57|||4|9|14|0.1|0.16|0.22|||||27.2|||11.7|||45||3|4.5|5.9|18|25|43|3|7|17|0|2|18|".28"|".28"|0|0|0|0|0|0|0|0|0|0|0|0|3|6.1|12.2|2.2|4.6|9.2|1|2.4|4.4|3.6|4.6|5.5|||||||||||||||||||||||||||||||||"119303:1582220"|"119303:5609228"
"H3"||"H"||3||112|||152|||||0|0|0|0|0|0|100|100|100|98|100|100|50|78|100|5|48|95||52|||3.9|||4.5|||11.2|||19|||13.4|||33||||||||2|15|60||||0|0.5|1||||1.25|1.38|1.5|||||1.57|||4|9|14|0.1|0.16|0.22|||||19.6|||10|||45||3|4.5|5.9|9|20|61|0|4|27|0|0|31|".28"|".28"|0|0|0|0|0|0|0|0|0|0|0|0|0.3|4.9|17.2|0.2|3.7|12.9|1|2.4|4.4|3.6|4.6|5.5|||||||||||||||||||||||||||||||||"119303:1582220"|"119303:5609229"
"H1"||"H"||1||0|||8|||||0|0|0|0|0|0|100|100|100|100|100|100|50|73|80|5|28|35||92.7|||0|||1.4|||16.9|||57.9|||16.5|||1.3||||||||1|6|10||||0.5|0.75|1||||1.3|1.4|1.5|||||1.46|||141|141|141|0.05|0.07|0.09||15.4|||11.7|||4.9|||44||0|1.5|2.9|8|12|16|0|0|2|0|0|0|".17"|".17"|0|0|0|0|0|0|0|0|0|0|0|0|2.4|3.2|4.8|1.8|2.4|3.6|1|2.4|4.4|4.5|5|6|||||||||||||||||||||||||||||||||"119303:928032"|"119303:2341717"
"H2"||"H"||2||8|||152|||||0|0|0|0|0|0|100|100|100|100|100|100|50|78|85|15|37|45||83.5|||0|||1.9|||14.5|||44|||23.1|||9.5||||||||2|7|12||||0|0|0||||1.4|1.5|1.6|||||1.57|||141|141|141|0.05|0.07|0.09||19.6|||14|||4.7|||41||0|1.5|2.9|9|13|18|0|0|3|0|0|0|".17"|".17"|0|0|0|0|0|0|0|0|0|0|0|0|0.3|1.8|3|0.3|1.3|2.2|1|2.4|4.4|4.5|5|6|||||||||||||||||||||||||||||||||"119303:928032"|"119303:2341718"
