"H1"||"H"||1||0|||56|||||0|0|0|0|0|0|100|100|100|100|100|100|50|65|70|15|35|40||70.1|||5.2|||14.3|||17.4|||20.9|||12.3|||21.9||||||||4|8|12||||0.5|1.25|2||||1.6|1.65|1.7|||||1.73|||14|28|42|0.06|0.08|0.1|||||17.3|||7.5|||35||0|1.5|2.9|11|14|18|0|1|3|0|0|0|".15"|".15"|0|0|0|0|0|0|0|0|0|0|0|0|2.1|4.8|7.5|1.6|3.6|5.6|1|2.4|4.4|4.5|5.3|6|||||||||||||||||||||||||||||||||"118943:1084329"|"118943:2940189"
"H2"||"H"||2||56|||86|||||0|0|0|0|0|0|100|100|100|100|100|100|60|85|90|30|45|55||55.8|||1.3|||8.2|||14.8|||20.2|||11.3|||17.7||||||||18|26.5|35||||0|0|0||||1.4|1.5|1.6|||||1.57|||4|9|14|0.12|0.14|0.16|||||24.7|||16.7|||41||0|1.5|2.9|23|31|38|6|10|14|0|1|5|".24"|".24"|0|0|0|0|0|0|0|0|0|0|0|0|4.5|6.6|8.8|3.4|5|6.6|1|2.4|4.4|4.5|5|5.5|||||||||||||||||||||||||||||||||"118943:1084329"|"118943:2940190"
"H3"||"H"||3||86|||183|||||0|0|0|0|0|0|100|100|100|100|100|100|50|63|75|5|23|30||60|||2.3|||9.5|||15.8|||20.8|||11.6|||34||||||||2|6|10||||0|0|0||||1.6|1.65|1.7|||||1.73|||42|92|141|0.03|0.05|0.06||19.3|||13.6|||4.5|||36||0|1.5|2.9|9|12|16|0|0|2|0|0|0|".10"|".10"|0|0|0|0|0|0|0|0|0|0|0|0|0.5|1.5|2.5|0.4|1.1|1.9|1|2.4|4.4|4.5|5|5.5|||||||||||||||||||||||||||||||||"118943:1084329"|"118943:2940191"
"H1"||"H"||1||0|||20|||||0|0|0|0|0|0|90|100|100|80|100|100|40|65|85|12|35|55||43|||1.9|||0.7|||9.5|||18.2|||12.7|||38.5||||||||10|18.5|27||||2|3|4||||1.2|1.3|1.4|||||1.36|||14|28|42|0.16|0.19|0.22|||||22.6|||13.7|||47||0|1.5|2.9|16|24|31|2|6|10|0|0|3|".32"|".32"|0|0|0|0|0|0|0|0|0|0|0|0|7|11.4|15.8|5.2|8.5|11.8|1|2.4|4.4|4.5|5|5.5|||||||||||||||||||||||||||||||||"118942:1573923"|"118942:5553752"
"H2"||"H"||2||20|||76|||||0|0|0|0|0|0|90|100|100|80|100|100|48|65|95|24|35|75||34.4|||0.1|||0.7|||7.8|||15.9|||11.3|||37.6||||||||18|28|35||||0.5|0.75|1||||1.3|1.38|1.45|||||1.44|||4|9|14|0.12|0.14|0.16|||||25|||17.1|||45||0|1.5|2.9|23|32|38|6|11|14|0|0|10|".32"|".32"|0|0|0|0|0|0|0|0|0|0|0|0|5.6|8.7|11|4.2|6.5|8.2|1|2.4|4.4|4.5|5|5.5|||||||||||||||||||||||||||||||||"118942:1573923"|"118942:5553753"
"H3"||"H"||3||76|||152|||||0|0|0|0|0|0|90|100|100|80|100|100|40|73|80|4|28|35||93.2|||0|||1.4|||17|||58.2|||16.6|||1.3||||||||1|5.5|10||||0|0.1|0.2||||1.6|1.65|1.7|||||1.73|||42|92|141|0.03|0.05|0.06||14.9|||11.1|||4.3|||36||0|1.5|2.9|8|12|16|0|0|2|0|0|0|".10"|".10"|0|0|0|0|0|0|0|0|0|0|0|0|0.2|1.6|3|0.2|1.2|2.2|1|2.4|4.4|4.5|5|5.5|||||||||||||||||||||||||||||||||"118942:1573923"|"118942:5553754"
"H1"||"H"||1||0|||30|||||0|0|0|0|0|0|100|100|100|100|100|100|50|63|85|15|23|45||77.7|||3|||12.2|||20.4|||26.9|||15.2|||16.3||||||||4|6|15||||0.5|0.75|1||||1.5|1.6|1.7|||||1.67|||42|92|141|0.07|0.09|0.1||20.5|||15|||5.5|||37||0|1.5|2.9|11|12|20|0|0|4|0|0|0|".43"|".43"|0|0|0|0|0|0|0|0|0|0|0|0|2.1|3.2|6|1.6|2.4|4.5|1|2.4|4.4|5.6|5.8|6|||||||||||||||||||||||||||||||||"118942:917994"|"118942:2302623"
"H2"||"H"||2||30|||81|||||0|0|0|0|0|0|100|100|100|100|100|100|60|65|90|30|35|55||65.7|||4.3|||13.3|||16.5|||19.9|||11.7|||22.8||||||||6|11.5|25||||0|0|0||||1.3|1.4|1.5|||||1.46|||14|28|42|0.1|0.13|0.16|||||16.4|||6.8|||45||0|1.5|2.9|12|17|30|0|3|10|0|0|3|".49"|".49"|0|0|0|0|0|0|0|0|0|0|0|0|1.5|2.9|6.2|1.1|2.2|4.7|1|2.4|4.4|5.6|5.8|6|||||||||||||||||||||||||||||||||"118942:917994"|"118942:2302624"
"H3"||"H"||3||81|||152|||||0|0|0|0|0|0|100|100|100|100|100|100|50|63|75|5|23|30||78.5|||3.2|||12.4|||20.6|||27.1|||15.2|||16.5||||||||2|5|10||||0|0|0||||1.5|1.6|1.7|||||1.67|||42|92|141|0.06|0.08|0.1||18.2|||12.4|||3.6|||38||0|1.5|2.9|9|12|16|0|0|2|0|0|0|".49"|".49"|0|0|0|0|0|0|0|0|0|0|0|0|0.5|1.2|2.5|0.4|0.9|1.9|1|2.4|4.4|5.1|5.6|6|||||||||||||||||||||||||||||||||"118942:917994"|"118942:2302625"
"H1"||"H"||1||0|||20|||||0|0|0|0|0|0|99|100|100|95|100|100|48|65|70|14|35|40||66.9|||4.7|||13.6|||16.7|||20.1|||11.8|||23.1||||||||5|10|15||||0.5|1.25|2||||1.45|1.55|1.65|||||1.62|||14|28|42|0.1|0.13|0.15|||||18.1|||8.4|||39||0|1.5|2.9|12|16|20|0|2|4|0|0|0|".20"|".20"|0|0|0|0|0|0|0|0|0|0|0|0|2.4|5.3|8.2|1.8|4|6.2|1|2.4|4.4|4.5|5|5.5|||||||||||||||||||||||||||||||||"118941:917990"|"118941:2302620"
"H2"||"H"||2||20|||91|||||0|0|0|0|0|0|99|100|100|95|100|100|57|85|90|28|45|55||55.8|||1.3|||8.2|||14.8|||20.2|||11.3|||17.7||||||||18|26.5|35||||0|0|0||||1.4|1.5|1.6|||||1.57|||4|9|14|0.12|0.14|0.15|||||24.7|||16.7|||41||0|1.5|2.9|23|30|31|6|10|14|0|1|4|".24"|".24"|0|0|0|0|0|0|0|0|0|0|0|0|4.4|6.6|8.8|3.4|5|6.6|1|2.4|4.4|4.5|5|5.5|||||||||||||||||||||||||||||||||"118941:917990"|"118941:2302621"
"H3"||"H"||3||91|||152|||||0|0|0|0|0|0|99|100|100|95|100|100|48|63|75|5|23|30||77.7|||3|||12.2|||20.4|||26.9|||15.2|||16.3||||||||2|6|10||||0|0|0||||1.6|1.65|1.7|||||1.73|||42|92|141|0.03|0.05|0.06||19.3|||13.6|||4.5|||36||0|1.5|2.9|9|12|16|0|0|2|0|0|0|".10"|".10"|0|0|0|0|0|0|0|0|0|0|0|0|0.5|1.5|2.5|0.4|1.1|1.9|1|2.4|4.4|4.5|5|5.5|||||||||||||||||||||||||||||||||"118941:917990"|"118941:2302622"
"H1"||"H"||1||0|||20|||||0|0|0|0|0|0|100|100|100|98|100|100|50|80|85|5|35|45||87.3|||0|||2.1|||14.2|||43.3|||27.7|||6.7||||||||2|6|10||||1|3|5||||1.35|1.48|1.6|||||1.55|||42|92|141|0.1|0.13|0.15||22.7||||||7.9|||40||0|1.5|2.9|10|12|16|0|0|2|0|0|0|".15"|".15"|||||||||||||2.8|8.2|13.8|2.1|6.2|10.3||||3.6|4.8|6|||||||||||||||||||||||||||||||||"118957:1538342"|"118957:5209493"
"H2"||"H"||2||20|||152|||||0|0|0|0|0|0|100|100|100|98|100|100|50|78|85|5|35|45||84.9|||0|||2.1|||13.8|||42.1|||26.9|||9.1||||||||2|6|10||||0|0.25|0.5||||1.4|1.5|1.6|||||1.57|||42|92|141|0.03|0.07|0.1||18.7||||||4|||41||0|1.5|2.9|10|12|16|0|0|2|0|0|0|".10"|".10"|||||||||||||0.5|2.1|3.6|0.4|1.5|2.7||||3.6|4.8|6|||||||||||||||||||||||||||||||||"118957:1538342"|"118957:5209494"
"H1"||"H"||1||0|||28|||||0|0|0|0|0|0|100|100|100|100|100|100|50|63|85|15|23|45||83.5|||1.1|||12.1|||26.3|||31.8|||12.2|||9.5||||||||2|7|12||||0.5|1.25|2||||1.6|1.68|1.75|||||1.76|||42|92|141|0.05|0.08|0.1||22.2|||17|||7.3|||34||0|1.5|2.9|9|13|18|0|0|3|0|0|0|".10"|".10"|0|0|0|0|0|0|0|0|0|0|0|0|1.6|4.6|7.5|1.2|3.4|5.6|1|2.4|4.4|4.5|5.3|6|||||||||||||||||||||||||||||||||"118957:1084411"|"118957:2940581"
"H2"||"H"||2||28|||152|||||0|0|0|0|0|0|100|100|100|100|100|100|50|63|85|5|23|45||83.8|||1.1|||12.1|||26.4|||31.9|||12.3|||9.2||||||||2|7|12||||0|0|0||||1.6|1.68|1.75|||||1.76|||42|92|141|0.03|0.05|0.07||20.3|||14.7|||5.3|||35||0|1.5|2.9|9|13|18|0|0|3|0|0|0|".10"|".10"|0|0|0|0|0|0|0|0|0|0|0|0|0.5|1.8|3|0.4|1.3|2.2|1|2.4|4.4|4.5|5|5.5|||||||||||||||||||||||||||||||||"118957:1084411"|"118957:2940582"
"H1"||"H"||1||0|||20|||||0|0|0|0|0|0|90|100|100|80|100|100|40|65|85|12|35|55||43|||1.9|||0.7|||9.5|||18.2|||12.7|||38.5||||||||10|18.5|27||||2|3|4||||1.2|1.3|1.4|||||1.36|||14|28|42|0.16|0.19|0.22|||||22.6|||13.7|||47||0|1.5|2.9|16|24|31|2|6|10|0|0|3|".32"|".32"|0|0|0|0|0|0|0|0|0|0|0|0|7|11.4|15.8|5.2|8.5|11.8|1|2.4|4.4|4.5|5|5.5|||||||||||||||||||||||||||||||||"118956:1573479"|"118956:5552153"
"H2"||"H"||2||20|||76|||||0|0|0|0|0|0|90|100|100|80|100|100|48|65|95|24|35|75||34.4|||0.1|||0.7|||7.8|||15.9|||11.3|||37.6||||||||18|28|35||||0.5|0.75|1||||1.3|1.38|1.45|||||1.44|||4|9|14|0.12|0.14|0.16|||||25|||17.1|||45||0|1.5|2.9|23|32|38|6|11|14|0|0|10|".32"|".32"|0|0|0|0|0|0|0|0|0|0|0|0|5.6|8.7|11|4.2|6.5|8.2|1|2.4|4.4|4.5|5|5.5|||||||||||||||||||||||||||||||||"118956:1573479"|"118956:5552154"
"H3"||"H"||3||76|||152|||||0|0|0|0|0|0|90|100|100|80|100|100|40|73|80|4|28|35||93.2|||0|||1.4|||17|||58.2|||16.6|||1.3||||||||1|5.5|10||||0|0.1|0.2||||1.6|1.65|1.7|||||1.73|||42|92|141|0.03|0.05|0.06||14.9|||11.1|||4.3|||36||0|1.5|2.9|8|12|16|0|0|2|0|0|0|".10"|".10"|0|0|0|0|0|0|0|0|0|0|0|0|0.2|1.6|3|0.2|1.2|2.2|1|2.4|4.4|4.5|5|5.5|||||||||||||||||||||||||||||||||"118956:1573479"|"118956:5552155"
"H1"||"H"||1||0|||20|||||0|0|0|0|0|0|100|100|100|98|100|100|50|80|85|5|35|45||87.3|||0|||2.1|||14.2|||43.3|||27.7|||6.7||||||||2|6|10||||1|3|5||||1.35|1.48|1.6|||||1.55|||42|92|141|0.1|0.13|0.15||23|||18|||8.3|||41||0|1.5|2.9|10|12|16|0|0|2|0|0|0|".15"|".15"|0|0|0|0|0|0|0|0|0|0|0|0|2.8|8.2|13.8|2.1|6.2|10.3|1|2.4|4.4|3.6|4.8|6|||||||||||||||||||||||||||||||||"118956:1084406"|"118956:2940576"
"H2"||"H"||2||20|||152|||||0|0|0|0|0|0|100|100|100|98|100|100|50|78|85|5|35|45||84.9|||0|||2.1|||13.8|||42.1|||26.9|||9.1||||||||2|6|10||||0|0.25|0.5||||1.4|1.5|1.6|||||1.57|||42|92|141|0.03|0.07|0.1||19.2|||13.6|||4.4|||41||0|1.5|2.9|10|12|16|0|0|2|0|0|0|".10"|".10"|0|0|0|0|0|0|0|0|0|0|0|0|0.5|2.1|3.6|0.4|1.5|2.7|1|2.4|4.4|3.6|4.8|6|||||||||||||||||||||||||||||||||"118956:1084406"|"118956:2940577"
"H1"||"H"||1||0|||25|||||0|0|0|0|0|0|100|100|100|95|100|100|57|65|70|28|35|40||67.9|||4.5|||14.5|||18|||20.2|||10.7|||19.6||||||||5|12.5|20||||2|5|8||||1.2|1.3|1.4|||||1.36|||14|28|42|0.1|0.13|0.15|||||22.1|||13|||46||0|1.5|2.9|10|12|25|0|3|7|0|0|0|".24"|".24"|0|0|0|0|0|0|0|0|0|0|0|0|5.8|14.4|23|4.3|10.8|17.2|4.4|8.6|13.9|4.5|5.5|6.5|||||||||||||||||||||||||||||||||"118955:1573104"|"118955:5549868"
"H2"||"H"||2||25|||123|||||0|0|0|0|0|0|100|100|100|95|100|100|76|90|100|33|53|95||47.8|||4.4|||7.4|||11.9|||15.5|||8.6|||7.2||||||||30|45|60||||0|0|0||||1.45|1.53|1.6|||||1.9|||0.42|1|1.4|0.13|0.16|0.18|||||32.2|||24.8|||40||6|7.5|8.9|34|40|61|12|20|27|0|7|31|".32"|".32"|0|0|0|0|0|0|0|0|0|0|0|0|7.5|11.2|15|5.6|8.4|11.2|4.4|8.6|13.9|5.1|6.8|8.4|||||||||||||||||||||||||||||||||"118955:1573104"|"118955:5549869"
"H3"||"H"||3||123|||152|||||0|0|0|0|0|0|30|40|100|10|28|100|6|17|70|3|8|40||65.9|||4.3|||14.1|||17.5|||19.6|||10.4|||19.1||||||||5|15|20||||0|0|0||||1.2|1.3|1.4|||||1.74|||1.4|2|4|0.12|0.14|0.16|||||7.9|||3.6|||21||3|4.5|5.9|12|20|25|0|4|7|0|0|0|".05"|".28"|0|0|0|0|0|0|0|0|0|0|0|0|1.2|3.8|5|0.9|2.8|3.8|4.4|8.6|13.9|6.1|7|8.4|||||||||||||||||||||||||||||||||"118955:1573104"|"118955:5549870"
"H1"||"H"||1||0|||15|||||0|0|0|0|0|0|100|100|100|100|100|100|60|65|70|30|35|40||67.9|||4.5|||14.5|||18|||20.2|||10.7|||19.6||||||||5|12.5|20||||0.5|1.25|2||||1.2|1.35|1.5|||||1.41|||14|28|42|0.12|0.14|0.15|||||18.4|||8.7|||46||0|1.5|2.9|10|12|25|0|3|7|0|0|0|".24"|".24"|0|0|0|0|0|0|0|0|0|0|0|0|2.4|5.9|9.5|1.8|4.5|7.1|1|2.4|4.4|4.5|5.5|6.5|||||||||||||||||||||||||||||||||"118955:918035"|"118955:2302661"
"H2"||"H"||2||15|||104|||||0|0|0|0|0|0|100|100|100|100|100|100|80|90|100|35|53|95||49.7|||5.8|||8|||12.3|||15.5|||8.1|||2.8||||||||30|47.5|60||||0|0.25|0.5||||1.3|1.4|1.5|||||1.6|||0.42|1|1.4|0.1|0.13|0.15|||||32.8|||25.9|||45||3|4.5|5.9|34|50|61|12|21|27|0|8|31|".32"|".32"|0|0|0|0|0|0|0|0|0|0|0|0|7.5|12.4|16.1|5.6|9.3|12.1|1|2.4|4.4|5.1|5.8|6.5|||||||||||||||||||||||||||||||||"118955:918035"|"118955:2302662"
"H3"||"H"||3||104|||117|||||0|0|0|0|0|0|100|100|100|100|100|100|50|65|70|5|35|40||68.3|||4.5|||14.6|||18.1|||20.3|||10.8|||19.7||||||||2|12|20||||0|0.25|0.5||||1.4|1.5|1.6|||||1.71|||0.01|2|4|0.1|0.13|0.15|||||17.6|||7.9|||41||3|4.5|5.9|9|10|25|0|3|7|0|0|0|".24"|".24"|0|0|0|0|0|0|0|0|0|0|0|0|0.5|3.6|6.1|0.4|2.7|4.6|1|2.4|4.4|5.1|6.8|8.4|||||||||||||||||||||||||||||||||"118955:918035"|"118955:2302663"
"H4"||"H"||4||117|||152|||||0|0|0|0|0|0|20|40|60|10|28|45|5|17|32|0|8|18||68.3|||4.5|||14.6|||18.1|||20.3|||10.8|||19.7||||||||2|12|20||||0|0.25|0.5||||1.1|1.3|1.6|||||1.44|||0.01|2|14|0.06|0.1|0.12|||||7.3|||3|||21||0|1.5|2.9|9|10|25|0|3|7|0|0|0|".05"|".24"|0|0|0|0|0|0|0|0|0|0|0|0|0.5|3.6|6.1|0.4|2.7|4.6|1|2.4|4.4|7|8|8.5|||||||||||||||||||||||||||||||||"118955:918035"|"118955:2302664"
"H1"||"A"||1||0|||30|||||0|0|0|0|0|0|98|99|100|95|97.5|100|57|75|100|28|46|90||67.3|||0.1|||3.1|||15.3|||32.3|||16.5|||20.2||||||||5|12.5|18||||1|3.5|6||||1.3|1.45|1.6|||||1.52|||14|28|42|0.14|0.15|0.16|||||21.7|||12.8|||41||0|1.5|2.9|12|17.5|23|1|4|7|0|0|4|".24"|".24"|0|0|0|0|0|0|0|0|0|0|0|0|3.5|10.9|18|2.6|8.2|13.5|1|2.4|4.4|3.6|5.1|6.5|||||||||||||||||||||||||||||||||"118954:1084377"|"118954:3182876"
"H2"||"B"||1||30|||183|||||0|0|0|0|0|0|96|98|100|95|97.5|100|80|90|100|35|70|95||40|||0|||||||||||||||33.5||||||||18|26.5|50||||0.5|0.75|1||||1.4|1.48|1.55|||||1.55|||4|9|14|0.12|0.16|0.19|||||30.4|||16.4|||41||0|1.5|2.9|23|31|39|7|11.5|16|0|6|16|".15"|".15"|0|0|0|0|0|0|0|0|0|0|0|0|5.6|8.2|11|4.2|6.1|8.2|1|2.4|4.4|3.6|4.6|5.5|||||||||||||||||||||||||||||||||"118954:1084377"|"118954:3182877"
"H1"||"H"||1||0|||61|||||0|0|0|0|0|0|100|100|100|100|100|100|60|85|95|30|60|75||46|||5.3|||14.1|||17.1|||9|||0.5|||41.5||||||||7|12.5|18||||3|9|15||||1.25|1.35|1.45|||||1.41|||14|28|42|0.2|0.23|0.26|||||31.9|||18.3|||43||0|1.5|2.9|20|32.5|45|2|8|14|0|3|11|".17"|".17"|0|0|0|0|0|0|0|0|0|0|0|0|8.5|23.4|38.2|6.4|17.5|28.7|1|2.4|4.4|4.5|5|5.5|||||||||||||||||||||||||||||||||"118954:918033"|"118954:3182904"
"H2"||"H"||2||61|||76|||||0|0|0|0|0|0|100|100|100|100|100|100|50|70|95|15|40|75||69|||5.3|||14.1|||17.1|||20.5|||12|||24||||||||2|7|12||||0.5|1.75|3||||1.55|1.6|1.65|||||1.67|||42|92|141|0.02|0.05|0.07|||||17.1|||7.4|||37||0|1.5|2.9|10|20|30|0|3|5|0|0|3|".17"|".17"|0|0|0|0|0|0|0|0|0|0|0|0|1.6|5.7|9.8|1.2|4.3|7.3|1|2.4|4.4|4.5|5|5.5|||||||||||||||||||||||||||||||||"118954:918033"|"118954:3182905"
"H3"||"H"||3||76|||162|||||0|0|0|0|0|0|100|100|100|100|100|100|50|70|95|5|30|75||83.3|||0.6|||10.6|||28.4|||33.8|||9.9|||4.2||||||||5|12.5|20||||0|1|2||||1.45|1.55|1.65|||||1.62|||42|92|141|0.06|0.09|0.12||24.3|||19.8|||10.2|||39||0|1.5|2.9|15|25|35|0|5|10|0|0|7|".17"|".17"|0|0|0|0|0|0|0|0|0|0|0|0|1.2|5.4|9.5|0.9|4|7.1|1|2.4|4.4|4.5|5|5.5|||||||||||||||||||||||||||||||||"118954:918033"|"118954:3182906"
"H1"||"A"||1||0|||30|||||0|0|0|0|0|0|98|99|100|95|97.5|100|57|75|100|28|46|90||67.3|||0.1|||3.1|||15.3|||32.3|||16.5|||20.2||||||||5|12.5|18||||1|3.5|6||||1.3|1.45|1.6|||||1.52|||14|28|42|0.14|0.15|0.16|||||21.7|||12.8|||41||0|1.5|2.9|12|17.5|23|1|4|7|0|0|4|".24"|".24"|0|0|0|0|0|0|0|0|0|0|0|0|3.5|10.9|18|2.6|8.2|13.5|1|2.4|4.4|3.6|5.1|6.5|||||||||||||||||||||||||||||||||"118953:918030"|"118953:3182870"
"H2"||"B"||1||30|||183|||||0|0|0|0|0|0|96|98|100|95|97.5|100|80|90|100|35|70|95||40|||0|||||||||||||||33.5||||||||18|26.5|50||||0.5|0.75|1||||1.4|1.48|1.55|||||1.55|||4|9|14|0.12|0.16|0.19|||||30.4|||16.4|||41||0|1.5|2.9|23|31|39|7|11.5|16|0|6|16|".15"|".15"|0|0|0|0|0|0|0|0|0|0|0|0|5.6|8.2|11|4.2|6.1|8.2|1|2.4|4.4|3.6|4.6|5.5|||||||||||||||||||||||||||||||||"118953:918030"|"118953:3182871"
"H1"||"H"||1||0|||23|||||0|0|0|0|0|0|100|100|100|100|100|100|50|63|85|5|24|45||83.8|||1.1|||12.1|||26.4|||31.9|||12.3|||9.2||||||||2|7|12||||0.5|1.75|3||||1.6|1.68|1.75|||||1.76|||42|92|141|0.05|0.07|0.09||22.9|||17.9|||8.1|||34||0|1.5|2.9|0|12.5|25|0|2|4|0|0|0|".10"|".10"|0|0|0|0|0|0|0|0|0|0|0|0|1.6|5.7|9.8|1.2|4.3|7.3|1|2.4|4.4|3.6|4.8|6|||||||||||||||||||||||||||||||||"118952:1082656"|"118952:2926565"
"H2"||"H"||2||23|||152|||||0|0|0|0|0|0|100|100|100|100|100|100|45|65|85|4|24|45||83.8|||1.1|||12.1|||26.4|||31.9|||12.3|||9.2||||||||2|7|12||||0|0.25|0.5||||1.6|1.68|1.75|||||1.76|||42|92|141|0.05|0.07|0.09||20.7|||15.2|||5.7|||35||0|1.5|2.9|0|12.5|25|0|2|4|0|0|0|".10"|".10"|0|0|0|0|0|0|0|0|0|0|0|0|0.5|2.3|4.1|0.4|1.7|3.1|1|2.4|4.4|3.6|4.8|6|||||||||||||||||||||||||||||||||"118952:1082656"|"118952:2926566"
"H1"||"A"||||0|||10|||||0|0|0|0|0|0|98|99|100|95|97.5|100|50|88|100|5|66|90||44|||4.3|||5.9|||7.8|||13.6|||12.4|||40||||||||5|16|27||||2|3.5|5||||1.3|1.4|1.55|||||1.46|||4|9|14|0.18|0.19|0.2|||||28.3|||13.4|||43||0|1.5|2.9|12|21.5|31|1|6|11|0|1|9|".24"|".24"|0|0|0|0|0|0|0|0|0|0|0|0|8|11.9|18|6|8.9|13.5|1|2.4|4.4|4.5|5|5.5|||||||||||||||||||||||||||||||||"118951:1573961"|"118951:5553876"
"H2"||"C"||1||10|||132|||||0|0|0|0|0|0|98|99|100|95|97.5|100|50|80|100|5|40|80||40|||3|||4|||9.5|||14.6|||8.9|||40||||||||5|20|27||||0|1.5|3||||1.4|1.55|1.7|||||1.62|||4|9|14|0.05|0.12|0.19|||||23.3|||14.9|||38||0|1.5|2.9|12|21.5|31|1|6|11|0|0|7|".15"|".15"|0|0|0|0|0|0|0|0|0|0|0|0|1.2|8.4|13.5|0.9|6.3|10.1|1|2.4|4.4|4.5|5|5.5|||||||||||||||||||||||||||||||||"118951:1573961"|"118951:5553877"
"H3"||"C"||5||132|||188|||||0|0|0|0|2|3|85|88|100|50|62|100|25|40|95|2|7|75||92|||5|||15|||45|||15|||12|||3||||||||1|5|20||||0|1.5|3||||1.5|1.6|1.7|||||1.68|||42|92|141|0.04|0.1|0.16||11.6|||9.1|||4.2|||27||1|1.2|1.5|8|16.5|25|0|4|8|0|0|3|".05"|".10"|0|0|0|0|0|0|0|0|0|0|0|0|0.2|5.9|11.8|0.1|4.4|8.8|1|2.4|4.4|4.5|5|5.5|||||||||||||||||||||||||||||||||"118951:1573961"|"118951:5553878"
"H1"||"H"||1||0|||56|||||0|0|0|0|0|0|100|100|100|100|100|100|50|65|70|15|35|40||66.2|||4.5|||13.4|||16.6|||20|||11.7|||23.3||||||||3|10.5|20||||0.5|1.25|2||||1.25|1.35|1.6|||||1.41|||14|28|42|0.07|0.11|0.14|||||17.3|||7.6|||46||0|1.5|2.9|0|13|26|0|2.5|5|0|0|0|".20"|".20"|0|0|0|0|0|0|0|0|0|0|0|0|1.9|5.4|9.5|1.4|4.1|7.1|1|2.4|4.4|4.5|5|5.5|||||||||||||||||||||||||||||||||"118951:1084355"|"118951:2940404"
"H2"||"H"||2||56|||158|||||0|0|0|0|0|0|100|100|100|100|100|100|50|63|70|15|23|40||82.9|||0.6|||10.5|||28.3|||33.6|||9.9|||4.1||||||||5|13|20||||0.5|0.75|1||||1.25|1.35|1.6|||||1.41|||14|28|42|0.06|0.09|0.12||23.4|||18.6|||8.9|||46||0|1.5|2.9|0|16|32|0|4.5|9|0|0|0|".17"|".17"|0|0|0|0|0|0|0|0|0|0|0|0|2.4|4.9|7.2|1.8|3.7|5.4|1|2.4|4.4|4.5|5|5.5|||||||||||||||||||||||||||||||||"118951:1084355"|"118951:2940405"
"H1"||"H"||1||0|||25|||||0|0|0|0|0|0|100|100|100|100|100|100|50|65|70|15|35|40||66.2|||4.5|||13.4|||16.6|||20|||11.7|||23.3||||||||3|10.5|20||||0.5|1.25|2||||1.25|1.35|1.6|||||1.41|||14|28|42|0.07|0.11|0.14|||||17.3|||7.6|||46||0|1.5|2.9|0|13|26|0|2.5|5|0|0|0|".20"|".20"|0|0|0|0|0|0|0|0|0|0|0|0|1.9|5.4|9.5|1.4|4.1|7.1|1|2.4|4.4|4.5|5|5.5|||||||||||||||||||||||||||||||||"118951:918026"|"118951:2940462"
"H2"||"H"||2||25|||152|||||0|0|0|0|0|0|100|100|100|100|100|100|60|85|90|30|45|55||66.9|||6.1|||7.4|||15.6|||23.4|||14.4|||20.1||||||||5|13|20||||0.5|0.75|1||||1.25|1.35|1.6|||||1.41|||14|28|42|0.06|0.09|0.12|||||18.1|||8.3|||46||0|1.5|2.9|0|16|32|0|4.5|9|0|0|2|".17"|".17"|0|0|0|0|0|0|0|0|0|0|0|0|2.4|4.9|7.2|1.8|3.7|5.4|1|2.4|4.4|4.5|5|5.5|||||||||||||||||||||||||||||||||"118951:918026"|"118951:2940463"
"H1"||"H"||1||0|||23|||||0|0|0|0|0|0|90|100|100|80|100|100|40|65|70|12|35|40||43|||1.9|||0.7|||9.5|||18.2|||12.7|||38.5||||||||10|18.5|27||||2|3|4||||1.2|1.3|1.4|||||1.36|||14|28|42|0.16|0.19|0.22|||||22.6|||13.7|||47||0|1.5|2.9|16|24|31|2|6|10|0|0|0|".32"|".32"|0|0|0|0|0|0|0|0|0|0|0|0|7|11.4|15.8|5.2|8.5|11.8|1|2.4|4.4|4.5|5|5.5|||||||||||||||||||||||||||||||||"118950:1573191"|"118950:5551276"
"H2"||"H"||2||23|||74|||||0|0|0|0|0|0|90|100|100|80|100|100|48|85|90|24|45|55||34.4|||0.8|||5.1|||9.1|||12.5|||6.9|||37.6||||||||18|28|35||||0.5|0.75|1||||1.3|1.38|1.45|||||1.44|||4|9|14|0.12|0.14|0.16|||||25|||17.1|||45||0|1.5|2.9|23|32|38|6|11|14|0|1|5|".32"|".32"|0|0|0|0|0|0|0|0|0|0|0|0|5.6|8.7|11|4.2|6.5|8.2|1|2.4|4.4|4.5|5|5.5|||||||||||||||||||||||||||||||||"118950:1573191"|"118950:5551277"
"H3"||"H"||3||74|||152|||||0|0|0|0|0|0|90|100|100|80|100|100|40|60|80|4|10|30||93.2|||0.6|||12.7|||36.1|||36.7|||7.1|||1.3||||||||1|5.5|10||||0|0.1|0.2||||1.6|1.65|1.7|||||1.73|||42|92|141|0.03|0.05|0.06||14.7|||10.9|||4.2|||36||0|1.5|2.9|8|12|16|0|0|2|0|0|0|".10"|".10"|0|0|0|0|0|0|0|0|0|0|0|0|0.2|1.6|3|0.2|1.2|2.2|1|2.4|4.4|4.5|5|5.5|||||||||||||||||||||||||||||||||"118950:1573191"|"118950:5551278"
"H1"||"H"||1||0|||25|||||0|0|0|0|0|0|100|100|100|95|100|100|57|65|70|28|35|40||67.9|||4.5|||14.5|||18|||20.2|||10.7|||19.6||||||||5|12.5|20||||2|5|8||||1.2|1.3|1.4|||||1.36|||14|28|42|0.1|0.13|0.15|||||22.1|||13|||46||0|1.5|2.9|10|12|25|0|3|7|0|0|0|".24"|".24"|0|0|0|0|0|0|0|0|0|0|0|0|5.8|14.4|23|4.3|10.8|17.2|4.4|8.6|13.9|4.5|5.5|6.5|||||||||||||||||||||||||||||||||"118950:918021"|"118950:2302650"
"H2"||"H"||2||25|||123|||||0|0|0|0|0|0|100|100|100|95|100|100|76|90|100|33|53|95||47.8|||4.4|||7.4|||11.9|||15.5|||8.6|||7.2||||||||30|45|60||||0|0|0||||1.45|1.53|1.6|||||1.9|||0.42|1|1.4|0.13|0.16|0.18|||||32.2|||24.8|||40||6|7.5|8.9|34|40|61|12|20|27|0|7|31|".32"|".32"|0|0|0|0|0|0|0|0|0|0|0|0|7.5|11.2|15|5.6|8.4|11.2|4.4|8.6|13.9|5.1|6.8|8.4|||||||||||||||||||||||||||||||||"118950:918021"|"118950:2302651"
"H3"||"H"||3||123|||152|||||0|0|0|0|0|0|30|40|100|10|28|100|6|17|70|3|8|40||65.9|||4.3|||14.1|||17.5|||19.6|||10.4|||19.1||||||||5|15|20||||0|0|0||||1.2|1.3|1.4|||||1.74|||1.4|2|4|0.12|0.14|0.16|||||7.9|||3.6|||21||3|4.5|5.9|12|20|25|0|4|7|0|0|0|".05"|".28"|0|0|0|0|0|0|0|0|0|0|0|0|1.2|3.8|5|0.9|2.8|3.8|4.4|8.6|13.9|6.1|7|8.4|||||||||||||||||||||||||||||||||"118950:918021"|"118950:2302654"
"H1"||"H"||1||0|||23|||||0|0|0|0|0|0|90|100|100|80|100|100|40|65|70|12|35|40||43|||1.9|||0.7|||9.5|||18.2|||12.7|||38.5||||||||10|18.5|27||||2|3|4||||1.2|1.3|1.4|||||1.36|||14|28|42|0.16|0.19|0.22|||||22.6|||13.7|||47||0|1.5|2.9|16|24|31|2|6|10|0|0|0|".32"|".32"|0|0|0|0|0|0|0|0|0|0|0|0|7|11.4|15.8|5.2|8.5|11.8|1|2.4|4.4|4.5|5|5.5|||||||||||||||||||||||||||||||||"118949:1573186"|"118949:5551261"
"H2"||"H"||2||23|||74|||||0|0|0|0|0|0|90|100|100|80|100|100|48|85|90|24|45|55||34.4|||0.8|||5.1|||9.1|||12.5|||6.9|||37.6||||||||18|28|35||||0.5|0.75|1||||1.3|1.38|1.45|||||1.44|||4|9|14|0.12|0.14|0.16|||||25|||17.1|||45||0|1.5|2.9|23|32|38|6|11|14|0|1|5|".32"|".32"|0|0|0|0|0|0|0|0|0|0|0|0|5.6|8.7|11|4.2|6.5|8.2|1|2.4|4.4|4.5|5|5.5|||||||||||||||||||||||||||||||||"118949:1573186"|"118949:5551262"
"H3"||"H"||3||74|||152|||||0|0|0|0|0|0|90|100|100|80|100|100|40|60|80|4|10|30||93.2|||0.6|||12.7|||36.1|||36.7|||7.1|||1.3||||||||1|5.5|10||||0|0.1|0.2||||1.6|1.65|1.7|||||1.73|||42|92|141|0.03|0.05|0.06||14.7|||10.9|||4.2|||36||0|1.5|2.9|8|12|16|0|0|2|0|0|0|".10"|".10"|0|0|0|0|0|0|0|0|0|0|0|0|0.2|1.6|3|0.2|1.2|2.2|1|2.4|4.4|4.5|5|5.5|||||||||||||||||||||||||||||||||"118949:1573186"|"118949:5551263"
"H1"||"H"||1||0|||20|||||0|0|0|0|0|0|90|100|100|80|100|100|40|65|85|12|35|55||43|||1.9|||0.7|||9.5|||18.2|||12.7|||38.5||||||||10|18.5|27||||2|3|4||||1.2|1.3|1.4|||||1.36|||14|28|42|0.16|0.19|0.22|||||22.6|||13.7|||47||0|1.5|2.9|16|24|31|2|6|10|0|0|3|".32"|".32"|0|0|0|0|0|0|0|0|0|0|0|0|7|11.4|15.8|5.2|8.5|11.8|1|2.4|4.4|4.5|5|5.5|||||||||||||||||||||||||||||||||"118949:1084337"|"118949:2940269"
"H2"||"H"||2||20|||76|||||0|0|0|0|0|0|90|100|100|80|100|100|48|65|95|24|35|75||34.4|||0.1|||0.7|||7.8|||15.9|||11.3|||37.6||||||||18|28|35||||0.5|0.75|1||||1.3|1.38|1.45|||||1.44|||4|9|14|0.12|0.14|0.16|||||25|||17.1|||45||0|1.5|2.9|23|32|38|6|11|14|0|0|10|".32"|".32"|0|0|0|0|0|0|0|0|0|0|0|0|5.6|8.7|11|4.2|6.5|8.2|1|2.4|4.4|4.5|5|5.5|||||||||||||||||||||||||||||||||"118949:1084337"|"118949:2940270"
"H3"||"H"||3||76|||152|||||0|0|0|0|0|0|90|100|100|80|100|100|40|73|80|4|28|35||93.2|||0|||1.4|||17|||58.2|||16.6|||1.3||||||||1|5.5|10||||0|0.1|0.2||||1.6|1.65|1.7|||||1.73|||42|92|141|0.03|0.05|0.06||14.9|||11.1|||4.3|||36||0|1.5|2.9|8|12|16|0|0|2|0|0|0|".10"|".10"|0|0|0|0|0|0|0|0|0|0|0|0|0.2|1.6|3|0.2|1.2|2.2|1|2.4|4.4|4.5|5|5.5|||||||||||||||||||||||||||||||||"118949:1084337"|"118949:2940271"
"H1"||"H"||1||0|||79|||||0|0|0|0|0|0|100|100|100|95|100|100|48|63|85|14|23|45||83.8|||1.1|||12.1|||26.4|||31.9|||12.3|||9.2||||||||1|7|10||||0.5|1.25|2||||1.5|1.6|1.7|||||1.67|||42|92|141|0.04|0.07|0.1||21.9|||16.7|||7|||37||0|1.5|2.9|8|13|16|0|0|2|0|0|0|".15"|".15"|0|0|0|0|0|0|0|0|0|0|0|0|1.4|4.6|7|0.8|3.4|5.2|1|2.4|4.4|4.5|5.3|6|||||||||||||||||||||||||||||||||"118947:1084335"|"118947:2940246"
"H2"||"H"||2||79|||145|||||0|0|0|0|0|0|100|100|100|95|100|100|60|65|90|30|35|55||65.9|||4.3|||14.1|||17.5|||19.6|||10.4|||19.1||||||||10|15|20||||0|0|0||||1.3|1.4|1.5|||||1.46|||4|23|42|0.1|0.12|0.14|||||18.5|||8.8|||45||0|1.5|2.9|16|20|25|2|4|7|0|0|1|".15"|".15"|0|0|0|0|0|0|0|0|0|0|0|0|2.5|2.8|5|1.9|2.8|3.8|1|2.4|4.4|4.5|5.3|6|||||||||||||||||||||||||||||||||"118947:1084335"|"118947:2940247"
"H3"||"H"||3||145|||160|||||0|0|0|0|0|0|100|100|100|95|100|100|50|63|70|5|23|40||95.5|||4.4|||15.3|||24.9|||32.6|||18.3|||1.5||||||||1|3|10||||0|0|0||||1.5|1.6|1.7|||||1.67|||42|92|141|0.01|0.03|0.05||15.7|||9.8|||2.2|||38||0|1.5|2.9|8|10|16|0|0|2|0|0|0|".10"|".10"|0|0|0|0|0|0|0|0|0|0|0|0|0.1|0.6|2.5|0.1|0.5|1.9|1|2.4|4.4|4.5|5.3|6|||||||||||||||||||||||||||||||||"118947:1084335"|"118947:2940248"
"H1"||"H"||1||0|||74|||||0|0|0|0|0|0|100|100|100|95|100|100|48|78|85|14|37|45||83.8|||0|||1.9|||14.5|||44.1|||23.3|||9.2||||||||1|7|10||||0.5|1.25|2||||1.5|1.6|1.7|||||1.67|||42|92|141|0.04|0.07|0.1||21.9|||16.7|||7|||37||0|1.5|2.9|8|13|16|0|0|2|0|0|0|".15"|".15"|0|0|0|0|0|0|0|0|0|0|0|0|1.4|4.6|7|0.8|3.4|5.2|1|2.4|4.4|4.5|5.3|6|||||||||||||||||||||||||||||||||"118946:1084334"|"118946:2940215"
"H2"||"H"||2||74|||137|||||0|0|0|0|0|0|100|100|100|95|100|100|60|65|90|30|35|55||65.9|||4.3|||14.1|||17.5|||19.6|||10.4|||19.1||||||||10|15|20||||0|0|0||||1.3|1.4|1.5|||||1.46|||4|23|42|0.1|0.12|0.14|||||18.5|||8.8|||45||0|1.5|2.9|16|20|25|2|4|7|0|0|1|".15"|".15"|0|0|0|0|0|0|0|0|0|0|0|0|2.5|2.8|5|1.9|2.8|3.8|1|2.4|4.4|4.5|5.3|6|||||||||||||||||||||||||||||||||"118946:1084334"|"118946:2940216"
"H3"||"H"||3||137|||152|||||0|0|0|0|0|0|100|100|100|95|100|100|50|63|75|5|23|30||95.5|||4.4|||15.3|||24.9|||32.6|||18.3|||1.5||||||||1|3|10||||0|0|0||||1.5|1.6|1.7|||||1.67|||42|92|141|0.01|0.03|0.05||15.7|||9.8|||2.2|||38||0|1.5|2.9|8|10|16|0|0|2|0|0|0|".10"|".10"|0|0|0|0|0|0|0|0|0|0|0|0|0.1|0.6|2.5|0.1|0.5|1.9|1|2.4|4.4|4.5|5.3|6|||||||||||||||||||||||||||||||||"118946:1084334"|"118946:2940217"
"H1"||"H"||1||0|||46|||||0|0|0|0|0|8|90|100|100|80|100|100|48|78|85|24|48|55||68.5|||0.3|||4.7|||15.2|||29.8|||18.5|||21.5||||||||5|10|15||||0.5|1.25|2||||1.3|1.35|1.4|||||1.41|||14|28|42|0.08|0.11|0.14|||||17.4|||7.7|||46||0|1.5|2.9|12|16|20|0|2|4|0|0|0|".28"|".28"|0|0|0|0|0|0|0|0|0|0|0|0|2.4|5.3|8.2|1.8|4|6.2|1|2.4|4.4|4.5|5.3|6|||||||||||||||||||||||||||||||||"118945:1084333"|"118945:2940204"
"H2"||"H"||2||46|||135|||||0|0|0|0|0|8|90|100|100|80|100|100|48|85|90|24|45|55||57|||1.3|||8.4|||15.1|||20.7|||11.5|||18||||||||12|25|35||||0|0|0||||1.3|1.38|1.45|||||1.44|||14|28|42|0.12|0.15|0.18|||||23.2|||14.5|||46||0|1.5|2.9|18|30|38|3|10|14|0|1|5|".24"|".24"|0|0|0|0|0|0|0|0|0|0|0|0|3|6.2|8.8|2.2|4.7|6.6|1|2.4|4.4|4.5|5.3|6|||||||||||||||||||||||||||||||||"118945:1084333"|"118945:2940205"
"H3"||"H"||3||135|||178|||||0|0|0|0|0|8|90|100|100|80|100|100|40|65|90|12|35|55||65||||||||||||||||||23||||||||2|12|20||||0|0|0||||1.35|1.5|1.65|||||1.57|||4|9|14|0.12|0.15|0.18|||||17.3|||7.6|||41||0|1.5|2.9|9|18|25|0|3|7|0|0|1|".24"|".24"|0|0|0|0|0|0|0|0|0|0|0|0|0.3|3|5|0.2|2.2|3.8|1|2.4|4.4|4.5|5.3|6|||||||||||||||||||||||||||||||||"118945:1084333"|"118945:2940206"
"H1"||"H"||1||0|||46|||||0|0|0|0|0|8|90|100|100|80|100|100|48|78|85|24|48|55||68.5|||0.3|||4.7|||15.2|||29.8|||18.5|||21.5||||||||5|10|15||||0.5|1.25|2||||1.3|1.35|1.4|||||1.41|||14|28|42|0.08|0.11|0.14|||||17.4|||7.7|||46||0|1.5|2.9|12|16|20|0|2|4|0|0|0|".28"|".28"|0|0|0|0|0|0|0|0|0|0|0|0|2.4|5.3|8.2|1.8|4|6.2|1|2.4|4.4|4.5|5.3|6|||||||||||||||||||||||||||||||||"118944:1084330"|"118944:2940198"
"H2"||"H"||2||46|||135|||||0|0|0|0|0|8|90|100|100|80|100|100|48|85|90|24|45|55||57|||1.3|||8.4|||15.1|||20.7|||11.5|||18||||||||12|25|35||||0|0|0||||1.3|1.38|1.45|||||1.44|||14|28|42|0.12|0.15|0.18|||||23.2|||14.5|||46||0|1.5|2.9|18|30|38|3|10|14|0|1|5|".24"|".24"|0|0|0|0|0|0|0|0|0|0|0|0|3|6.2|8.8|2.2|4.7|6.6|1|2.4|4.4|4.5|5.3|6|||||||||||||||||||||||||||||||||"118944:1084330"|"118944:2940199"
"H3"||"H"||3||135|||178|||||0|0|0|0|0|8|90|100|100|80|100|100|40|65|90|12|35|55||65||||||||||||||||||23||||||||2|12|20||||0|0|0||||1.35|1.5|1.65|||||1.57|||4|9|14|0.12|0.15|0.18|||||17.3|||7.6|||41||0|1.5|2.9|9|18|25|0|3|7|0|0|1|".24"|".24"|0|0|0|0|0|0|0|0|0|0|0|0|0.3|3|5|0.2|2.2|3.8|1|2.4|4.4|4.5|5.3|6|||||||||||||||||||||||||||||||||"118944:1084330"|"118944:2940200"
"H1"||"H"||1||0|||23|||||0|0|0|0|0|0|90|100|100|80|100|100|40|65|70|12|35|40||43|||1.9|||0.7|||9.5|||18.2|||12.7|||38.5||||||||10|18.5|27||||2|3|4||||1.2|1.3|1.4|||||1.36|||14|28|42|0.16|0.19|0.22|||||22.6|||13.7|||47||0|1.5|2.9|16|24|31|2|6|10|0|0|0|".32"|".32"|0|0|0|0|0|0|0|0|0|0|0|0|7|11.4|15.8|5.2|8.5|11.8|1|2.4|4.4|4.5|5|5.5|||||||||||||||||||||||||||||||||"118941:1573108"|"118941:5549907"
"H2"||"H"||2||23|||74|||||0|0|0|0|0|0|90|100|100|80|100|100|48|85|90|24|45|55||34.4|||0.8|||5.1|||9.1|||12.5|||6.9|||37.6||||||||18|28|35||||0.5|0.75|1||||1.3|1.38|1.45|||||1.44|||4|9|14|0.12|0.14|0.16|||||25|||17.1|||45||0|1.5|2.9|23|32|38|6|11|14|0|1|5|".32"|".32"|0|0|0|0|0|0|0|0|0|0|0|0|5.6|8.7|11|4.2|6.5|8.2|1|2.4|4.4|4.5|5|5.5|||||||||||||||||||||||||||||||||"118941:1573108"|"118941:5549908"
"H3"||"H"||3||74|||152|||||0|0|0|0|0|0|90|100|100|80|100|100|40|60|80|4|10|30||93.2|||0.6|||12.7|||36.1|||36.7|||7.1|||1.3||||||||1|5.5|10||||0|0.1|0.2||||1.6|1.65|1.7|||||1.73|||42|92|141|0.03|0.05|0.06||14.7|||10.9|||4.2|||36||0|1.5|2.9|8|12|16|0|0|2|0|0|0|".10"|".10"|0|0|0|0|0|0|0|0|0|0|0|0|0.2|1.6|3|0.2|1.2|2.2|1|2.4|4.4|4.5|5|5.5|||||||||||||||||||||||||||||||||"118941:1573108"|"118941:5549909"
"H1"||"A"||||0|||20|||||0|0|0|0|1|2|95|97|100|92|95|100|45|76|100|15|46|90||65.4|||0.1|||3|||14.8|||31.4|||16.1|||19.6||||||||10|15|20||||0.5|1.25|2||||1.25|1.38|1.5|||||1.45|||14|28|42|0.12|0.15|0.18|||||19.8|||10.6|||44||0|1.5|2.9|16|20.5|25|3|5|7|0|0|4|".20"|".20"|0|0|0|0|0|0|0|0|0|0|0|0|3.6|6.6|9.5|2.7|4.9|7.1|1|2.4|4.4|3.6|4.6|5.5|||||||||||||||||||||||||||||||||"118982:917988"|"118982:3182947"
"H2"||"B"||1||20|||104|||||0|0|0|0|1|2|95|97|100|92|95|100|55|80|100|28|50|80||65.4|||0.1|||3|||14.8|||31.4|||16.1|||19.6||||||||10|15|27||||0|0.25|0.5||||1.4|1.5|1.6|||||1.57|||4|9|14|0.12|0.15|0.18|||||19.3|||10.1|||40||0|1.5|2.9|16|20.5|25|3|5|7|0|0|3|".20"|".20"|0|0|0|0|0|0|0|0|0|0|0|0|2.5|4.3|6.1|1.9|3.2|4.6|1|2.4|4.4|3.6|4.6|5.5|||||||||||||||||||||||||||||||||"118982:917988"|"118982:3182948"
"H3"||"C"||||104|||178|||||0|0|0|0|1|2|85|95|100|80|90|100|40|60|100|12|40|95||65|||4|||14.2|||18|||19.3|||9.5|||17||||||||5|18|40||||0|0.25|0.5||||1.35|1.48|1.6|||||1.58|||0.01|2|4|0.12|0.15|0.18|||||20.5|||12|||39||0|2|4|12|28|44|1|9.5|18|0|0|19|".24"|".24"|0|0|0|0|0|0|0|0|0|0|0|0|1.2|5.6|11.1|0.9|4.2|8.3|1|2.4|4.4|3.6|4.6|5.5|||||||||||||||||||||||||||||||||"118982:917988"|"118982:5549581"
"H1"||"A"||||0|||20|||||0|0|0|0|1|2|95|97|100|92|95|100|45|76|100|15|46|90||65.4|||0.1|||3|||14.8|||31.4|||16.1|||19.6||||||||10|15|20||||0.5|1.25|2||||1.25|1.38|1.5|||||1.45|||14|28|42|0.12|0.15|0.18|||||19.8|||10.6|||44||0|1.5|2.9|16|20.5|25|3|5|7|0|0|4|".20"|".20"|0|0|0|0|0|0|0|0|0|0|0|0|3.6|6.6|9.5|2.7|4.9|7.1|1|2.4|4.4|3.6|4.6|5.5|||||||||||||||||||||||||||||||||"118981:917986"|"118981:3182944"
"H2"||"B"||1||20|||104|||||0|0|0|0|1|2|95|97|100|92|95|100|55|80|100|28|50|80||65.4|||0.1|||3|||14.8|||31.4|||16.1|||19.6||||||||10|15|27||||0|0.25|0.5||||1.4|1.5|1.6|||||1.57|||4|9|14|0.12|0.15|0.18|||||19.3|||10.1|||40||0|1.5|2.9|16|20.5|25|3|5|7|0|0|3|".20"|".20"|0|0|0|0|0|0|0|0|0|0|0|0|2.5|4.3|6.1|1.9|3.2|4.6|1|2.4|4.4|3.6|4.6|5.5|||||||||||||||||||||||||||||||||"118981:917986"|"118981:3182945"
"H3"||"C"||||104|||178|||||0|0|0|0|1|2|85|95|100|80|90|100|40|60|100|12|40|95||65|||4|||14.2|||18|||19.3|||9.5|||17||||||||5|18|40||||0|0.25|0.5||||1.35|1.48|1.6|||||1.58|||0.01|2|4|0.12|0.15|0.18|||||20.5|||12|||39||0|2|4|12|28|44|1|9.5|18|0|0|19|".24"|".24"|0|0|0|0|0|0|0|0|0|0|0|0|1.2|5.6|11.1|0.9|4.2|8.3|1|2.4|4.4|3.6|4.6|5.5|||||||||||||||||||||||||||||||||"118981:917986"|"118981:3182946"
"H1"||"H"||1||0|||36|||||0|0|0|0|0|0|100|100|100|100|100|100|60|90|100|30|58|90||62.7|||0|||0.1|||2.2|||24.2|||36.2|||23.3||||||||8|14|20||||4|6|8||||1.2|1.3|1.4|||||1.36|||4|9|14|0.08|0.12|0.15|||||24|||15.7|||46||0|1.5|2.9|14|20|25|1|4|7|0|0|4|".24"|".24"|0|0|0|0|0|0|0|0|0|0|0|0|11|17|23|8.3|12.8|17.3|1|2.4|4.4|6.1|7.3|8.4|||||||||||||||||||||||||||||||||"118980:917984"|"118980:3182928"
"H2"||"H"||2||36|||178|||||0|0|0|0|0|0|100|100|100|100|100|100|60|78|95|30|48|75||67.5|||0.3|||4.7|||15|||29.3|||18.2|||21||||||||8|11.5|15||||0|0|0||||1.3|1.4|1.5|||||1.46|||4|9|14|0.08|0.12|0.15|||||17|||7.2|||45||0|1.5|2.9|14|17|20|1|3|4|0|0|0|".10"|".10"|0|0|0|0|0|0|0|0|0|0|0|0|2|3|3.8|1.5|2.2|2.8|1|2.4|4.4|6.1|7.3|8.4|||||||||||||||||||||||||||||||||"118980:917984"|"118980:3182929"
"H1"||"H"||1||0|||23|||||0|0|0|0|0|0|90|100|100|80|100|100|40|65|70|12|35|40||43|||1.9|||0.7|||9.5|||18.2|||12.7|||38.5||||||||10|18.5|27||||2|3|4||||1.2|1.3|1.4|||||1.36|||14|28|42|0.16|0.19|0.22|||||22.6|||13.7|||47||0|1.5|2.9|16|24|31|2|6|10|0|0|0|".32"|".32"|0|0|0|0|0|0|0|0|0|0|0|0|7|11.4|15.8|5.2|8.5|11.8|1|2.4|4.4|4.5|5|5.5|||||||||||||||||||||||||||||||||"118958:1573206"|"118958:5551321"
"H2"||"H"||2||23|||74|||||0|0|0|0|0|0|90|100|100|80|100|100|48|85|90|24|45|55||34.4|||0.8|||5.1|||9.1|||12.5|||6.9|||37.6||||||||18|28|35||||0.5|0.75|1||||1.3|1.38|1.45|||||1.44|||4|9|14|0.12|0.14|0.16|||||25|||17.1|||45||0|1.5|2.9|23|32|38|6|11|14|0|1|5|".32"|".32"|0|0|0|0|0|0|0|0|0|0|0|0|5.6|8.7|11|4.2|6.5|8.2|1|2.4|4.4|4.5|5|5.5|||||||||||||||||||||||||||||||||"118958:1573206"|"118958:5551322"
"H3"||"H"||3||74|||152|||||0|0|0|0|0|0|90|100|100|80|100|100|40|60|80|4|10|30||93.2|||0.6|||12.7|||36.1|||36.7|||7.1|||1.3||||||||1|5.5|10||||0|0.1|0.2||||1.6|1.65|1.7|||||1.73|||42|92|141|0.03|0.05|0.06||14.7|||10.9|||4.2|||36||0|1.5|2.9|8|12|16|0|0|2|0|0|0|".10"|".10"|0|0|0|0|0|0|0|0|0|0|0|0|0.2|1.6|3|0.2|1.2|2.2|1|2.4|4.4|4.5|5|5.5|||||||||||||||||||||||||||||||||"118958:1573206"|"118958:5551323"
"H1"||"H"||1||0|||25|||||0|0|0|0|0|0|100|100|100|95|100|100|57|65|70|28|35|40||67.9|||4.5|||14.5|||18|||20.2|||10.7|||19.6||||||||5|12.5|20||||2|5|8||||1.2|1.3|1.4|||||1.36|||14|28|42|0.1|0.13|0.15|||||22.1|||13|||46||0|1.5|2.9|10|12|25|0|3|7|0|0|0|".24"|".24"|0|0|0|0|0|0|0|0|0|0|0|0|5.8|14.4|23|4.3|10.8|17.2|4.4|8.6|13.9|4.5|5.5|6.5|||||||||||||||||||||||||||||||||"118958:1573105"|"118958:5549871"
"H2"||"H"||2||25|||123|||||0|0|0|0|0|0|100|100|100|95|100|100|76|90|100|33|53|95||47.8|||4.4|||7.4|||11.9|||15.5|||8.6|||7.2||||||||30|45|60||||0|0|0||||1.45|1.53|1.6|||||1.9|||0.42|1|1.4|0.13|0.16|0.18|||||32.2|||24.8|||40||6|7.5|8.9|34|40|61|12|20|27|0|7|31|".32"|".32"|0|0|0|0|0|0|0|0|0|0|0|0|7.5|11.2|15|5.6|8.4|11.2|4.4|8.6|13.9|5.1|6.8|8.4|||||||||||||||||||||||||||||||||"118958:1573105"|"118958:5549872"
"H3"||"H"||3||123|||152|||||0|0|0|0|0|0|30|40|100|10|28|100|6|17|70|3|8|40||65.9|||4.3|||14.1|||17.5|||19.6|||10.4|||19.1||||||||5|15|20||||0|0|0||||1.2|1.3|1.4|||||1.74|||1.4|2|4|0.12|0.14|0.16|||||7.9|||3.6|||21||3|4.5|5.9|12|20|25|0|4|7|0|0|0|".05"|".28"|0|0|0|0|0|0|0|0|0|0|0|0|1.2|3.8|5|0.9|2.8|3.8|4.4|8.6|13.9|6.1|7|8.4|||||||||||||||||||||||||||||||||"118958:1573105"|"118958:5549873"
"H1"||"H"||1||0|||20|||||0|0|0|0|0|0|100|100|100|98|100|100|50|80|85|5|35|45||87.3|||0|||2.1|||14.2|||43.3|||27.7|||6.7||||||||2|6|10||||1|3|5||||1.35|1.48|1.6|||||1.55|||42|92|141|0.1|0.13|0.15||22.7||||||7.9|||40||0|1.5|2.9|10|12|16|0|0|2|0|0|0|".15"|".15"|||||||||||||2.8|8.2|13.8|2.1|6.2|10.3||||3.6|4.8|6|||||||||||||||||||||||||||||||||"118958:1538343"|"118958:5209495"
"H2"||"H"||2||20|||152|||||0|0|0|0|0|0|100|100|100|98|100|100|50|78|85|5|35|45||84.9|||0|||2.1|||13.8|||42.1|||26.9|||9.1||||||||2|6|10||||0|0.25|0.5||||1.4|1.5|1.6|||||1.57|||42|92|141|0.03|0.07|0.1||18.7||||||4|||41||0|1.5|2.9|10|12|16|0|0|2|0|0|0|".10"|".10"|||||||||||||0.5|2.1|3.6|0.4|1.5|2.7||||3.6|4.8|6|||||||||||||||||||||||||||||||||"118958:1538343"|"118958:5209496"
"H1"||"H"||1||0|||38|||||0|0|0|0|0|0|98|100|100|98|100|100|83|90|95|58|68|75||44.3|||4.3|||5.9|||7.9|||13.7|||12.5|||40.7||||||||10|15|25||||0.5|2|3||||1.3|1.35|1.4|||||1.41|||4|23|42|0.12|0.15|0.18|||||26.4|||10.6|||46||0|1.5|2.9|16|20.5|29.5|3|5.5|11|0|0|6|".24"|".24"|0|0|0|0|0|0|0|0|0|0|0|0|3.6|8.2|13|2.7|6.2|9.8|1|2.4|4.4|3.6|4|5.5|||||||||||||||||||||||||||||||||"118958:1084488"|"118958:2940877"
"H2"||"H"||2||38|||76|||||0|0|0|0|0|0|98|100|100|98|100|100|78|95|100|34|80|90||20.5|||1.4|||2.1|||1.9|||6.5|||8.6|||54.5||||||||10|25|35||||0|0|0||||1.45|1.5|1.55|||||1.57|||4|9|14|0.14|0.17|0.2|||||29.7|||15|||41||0|1.5|2.9|16|30|31|3|11|14|0|7|11|".28"|".28"|0|0|0|0|0|0|0|0|0|0|0|0|2.5|6.2|8.8|1.9|4.7|6.6|1|2.4|4.4|3.6|4|5.5|||||||||||||||||||||||||||||||||"118958:1084488"|"118958:2940878"
"H3"||"H"||3||76|||152|||||0|0|0|0|0|0|98|100|100|98|100|100|49|68|75|5|23|30||79||||||||||||||||||15||||||||2|6|10||||0|0|0||||1.4|1.53|1.65|||||1.6|||42|92|141|0.02|0.04|0.05||18.9|||13.2|||4.1|||40||0|1.5|2.9|8|12|16|0|1|3|0|0|0|".17"|".17"|0|0|0|0|0|0|0|0|0|0|0|0|0.3|1.5|2.5|0.3|1.1|1.9|1|2.4|4.4|3.6|4|5.5|||||||||||||||||||||||||||||||||"118958:1084488"|"118958:2940879"
"H1"||"O"||1||0|||46|||||0|0|0|0|0|0||||||||||||||0||||||||||||||||||0||||||||0|0|0||||20|50|80||||0.2|0.43|0.65||||||||4|23|42|0.24|0.32|0.4|||||||||||||0|1.5|2.9||||||||||||0|0|0|0|0|0|0|0|0|0|0|0|45|113|180|34|84|135|1|2.4|4.4|3.5|4|4.4|3.6|4.6|5.5||||||||||||||||||||||||||||||"118958:1084487"|"118958:2940875"
"H2"||"H"||2||46|||152|||||0|0|0|0|0|0|100|100|100|100|100|100|50|60|75|5|10|30||93.6|||0.7|||12.8|||36.3|||36.9|||6.9|||1.4||||||||2|5|10||||0|0|0||||1.6|1.68|1.75|||||1.76|||42|92|141|0.02|0.06|0.1||14.3|||10.4|||3.7|||35||0|1.5|2.9|7|11|16|0|0.5|3|0|0|0|".10"|".10"|0|0|0|0|0|0|0|0|0|0|0|0|0.3|1.2|2.5|0.3|0.9|1.9|1|2.4|4.4|3.5|5.1|5.5|3.6|4.6|5.5||||||||||||||||||||||||||||||"118958:1084487"|"118958:2940876"
"H1"||"H"||1||0|||20|||||0|0|0|0|0|0|90|100|100|80|100|100|40|65|85|12|35|55||43|||1.9|||0.7|||9.5|||18.2|||12.7|||38.5||||||||10|18.5|27||||2|3|4||||1.2|1.3|1.4|||||1.36|||14|28|42|0.16|0.19|0.22|||||22.6|||13.7|||47||0|1.5|2.9|16|24|31|2|6|10|0|0|3|".32"|".32"|0|0|0|0|0|0|0|0|0|0|0|0|7|11.4|15.8|5.2|8.5|11.8|1|2.4|4.4|4.5|5|5.5|||||||||||||||||||||||||||||||||"118948:1573478"|"118948:5552149"
"H2"||"H"||2||20|||76|||||0|0|0|0|0|0|90|100|100|80|100|100|48|65|95|24|35|75||34.4|||0.1|||0.7|||7.8|||15.9|||11.3|||37.6||||||||18|28|35||||0.5|0.75|1||||1.3|1.38|1.45|||||1.44|||4|9|14|0.12|0.14|0.16|||||25|||17.1|||45||0|1.5|2.9|23|32|38|6|11|14|0|0|10|".32"|".32"|0|0|0|0|0|0|0|0|0|0|0|0|5.6|8.7|11|4.2|6.5|8.2|1|2.4|4.4|4.5|5|5.5|||||||||||||||||||||||||||||||||"118948:1573478"|"118948:5552150"
"H3"||"H"||3||76|||152|||||0|0|0|0|0|0|90|100|100|80|100|100|40|73|80|4|28|35||93.2|||0|||1.4|||17|||58.2|||16.6|||1.3||||||||1|5.5|10||||0|0.1|0.2||||1.6|1.65|1.7|||||1.73|||42|92|141|0.03|0.05|0.06||14.9|||11.1|||4.3|||36||0|1.5|2.9|8|12|16|0|0|2|0|0|0|".10"|".10"|0|0|0|0|0|0|0|0|0|0|0|0|0.2|1.6|3|0.2|1.2|2.2|1|2.4|4.4|4.5|5|5.5|||||||||||||||||||||||||||||||||"118948:1573478"|"118948:5552151"
"H1"||"H"||1||0|||25|||||0|0|0|0|0|0|100|100|100|95|100|100|57|65|70|28|35|40||67.9|||4.5|||14.5|||18|||20.2|||10.7|||19.6||||||||5|12.5|20||||2|5|8||||1.2|1.3|1.4|||||1.36|||14|28|42|0.1|0.13|0.15|||||22.1|||13|||46||0|1.5|2.9|10|12|25|0|3|7|0|0|0|".24"|".24"|0|0|0|0|0|0|0|0|0|0|0|0|5.8|14.4|23|4.3|10.8|17.2|4.4|8.6|13.9|4.5|5.5|6.5|||||||||||||||||||||||||||||||||"118948:1573103"|"118948:5549865"
"H2"||"H"||2||25|||123|||||0|0|0|0|0|0|100|100|100|95|100|100|76|90|100|33|53|95||47.8|||4.4|||7.4|||11.9|||15.5|||8.6|||7.2||||||||30|45|60||||0|0|0||||1.45|1.53|1.6|||||1.9|||0.42|1|1.4|0.13|0.16|0.18|||||32.2|||24.8|||40||6|7.5|8.9|34|40|61|12|20|27|0|7|31|".32"|".32"|0|0|0|0|0|0|0|0|0|0|0|0|7.5|11.2|15|5.6|8.4|11.2|4.4|8.6|13.9|5.1|6.8|8.4|||||||||||||||||||||||||||||||||"118948:1573103"|"118948:5549866"
"H3"||"H"||3||123|||152|||||0|0|0|0|0|0|30|40|100|10|28|100|6|17|70|3|8|40||65.9|||4.3|||14.1|||17.5|||19.6|||10.4|||19.1||||||||5|15|20||||0|0|0||||1.2|1.3|1.4|||||1.74|||1.4|2|4|0.12|0.14|0.16|||||7.9|||3.6|||21||3|4.5|5.9|12|20|25|0|4|7|0|0|0|".05"|".28"|0|0|0|0|0|0|0|0|0|0|0|0|1.2|3.8|5|0.9|2.8|3.8|4.4|8.6|13.9|6.1|7|8.4|||||||||||||||||||||||||||||||||"118948:1573103"|"118948:5549867"
"H1"||"H"||1||0|||23|||||0|0|0|0|0|0|90|100|100|80|100|100|40|65|70|12|35|40||43|||1.9|||0.7|||9.5|||18.2|||12.7|||38.5||||||||10|18.5|27||||2|3|4||||1.2|1.3|1.4|||||1.36|||14|28|42|0.16|0.19|0.22|||||22.6|||13.7|||47||0|1.5|2.9|16|24|31|2|6|10|0|0|0|".32"|".32"|0|0|0|0|0|0|0|0|0|0|0|0|7|11.4|15.8|5.2|8.5|11.8|1|2.4|4.4|4.5|5|5.5|||||||||||||||||||||||||||||||||"118948:1084336"|"118948:2940256"
"H2"||"H"||2||23|||74|||||0|0|0|0|0|0|90|100|100|80|100|100|48|85|90|24|45|55||34.4|||0.8|||5.1|||9.1|||12.5|||6.9|||37.6||||||||18|28|35||||0.5|0.75|1||||1.3|1.38|1.45|||||1.44|||4|9|14|0.12|0.14|0.16|||||25|||17.1|||45||0|1.5|2.9|23|32|38|6|11|14|0|1|5|".32"|".32"|0|0|0|0|0|0|0|0|0|0|0|0|5.6|8.7|11|4.2|6.5|8.2|1|2.4|4.4|4.5|5|5.5|||||||||||||||||||||||||||||||||"118948:1084336"|"118948:2940257"
"H3"||"H"||3||74|||152|||||0|0|0|0|0|0|90|100|100|80|100|100|40|60|80|4|10|30||93.2|||0.6|||12.7|||36.1|||36.7|||7.1|||1.3||||||||1|5.5|10||||0|0.1|0.2||||1.6|1.65|1.7|||||1.73|||42|92|141|0.03|0.05|0.06||14.7|||10.9|||4.2|||36||0|1.5|2.9|8|12|16|0|0|2|0|0|0|".10"|".10"|0|0|0|0|0|0|0|0|0|0|0|0|0.2|1.6|3|0.2|1.2|2.2|1|2.4|4.4|4.5|5|5.5|||||||||||||||||||||||||||||||||"118948:1084336"|"118948:2940258"
"H1"||"A"||||0|||51|||||0|0|0|0|0|0|100|100|100|98|99|100|90|95|100|80|90|95||||||||||||||||||||||||||||27|33.5|40||||10|17.5|25||||1.1|1.18|1.25|||||1.47|||1.4|8|14|0.21|0.22|0.23|||||39.4|||33.5|||46||6|7.5|8.9|40|77|90|16|20.5|25|12|29|39|".32"|".32"|0|0|0|0|0|0|0|0|0|0|0|0|32|52.4|70.2|24|39.3|52.6|1|2.4|4.4|6.1|7.3|8.4|||||||||||||||||||||||||||||||||"118980:1573107"|"118980:5549904"
"H2"||"C"||1||51|||152|||||0|0|0|0|0|0|100|100|100|98|99|100|90|95|100|80|90|95||5.5|||0.2|||0.3|||0.6|||1.7|||2.7|||47||||||||35|47.5|60||||5|12.5|20||||1.3|1.45|1.6|||||1.8|||0.01|0.2|0.42|0.12|0.13|0.14|||||35.2|||31.6|||37||6|7.5|8.9|40|77|90|22|30.5|39|16|36|50|".24"|".24"|0|0|0|0|0|0|0|0|0|0|0|0|23.5|43.8|66|17.6|32.8|49.5|1|2.4|4.4|6.1|7.3|8.4|||||||||||||||||||||||||||||||||"118980:1573107"|"118980:5549905"
"H3"||"C"||2||152|||203|||||0|0|0|0|0|0|99|99.5|100|98|99|100|49|74.5|100|5|50|95||||||||||||||||||||||||||||5|35|60||||5|12.5|20||||1.3|1.45|1.6|||||1.8|||0.01|0.2|0.42|0.12|0.17|0.22|||||35.2|||31.6|||37||6|7.5|8.9|15|67|90|1|20|39|0|8|50|".24"|".24"|0|0|0|0|0|0|0|0|0|0|0|0|13|39.2|66|9.8|29.4|49.5|1|2.4|4.4|6.1|7.3|8.4|||||||||||||||||||||||||||||||||"118980:1573107"|"118980:5549906"
"H1"||"A"||||0|||51|||||0|0|0|0|0|0|100|100|100|98|99|100|90|95|100|80|90|95||||||||||||||||||||||||||||27|33.5|40||||10|17.5|25||||1.1|1.18|1.25|||||1.47|||1.4|8|14|0.21|0.22|0.23|||||39.4|||33.5|||46||6|7.5|8.9|40|77|90|16|20.5|25|12|29|39|".32"|".32"|0|0|0|0|0|0|0|0|0|0|0|0|32|52.4|70.2|24|39.3|52.6|1|2.4|4.4|6.1|7.3|8.4|||||||||||||||||||||||||||||||||"118979:1573106"|"118979:5549901"
"H2"||"C"||1||51|||152|||||0|0|0|0|0|0|100|100|100|98|99|100|90|95|100|80|90|95||5.5|||0.2|||0.3|||0.6|||1.7|||2.7|||47||||||||35|47.5|60||||5|12.5|20||||1.3|1.45|1.6|||||1.8|||0.01|0.2|0.42|0.12|0.13|0.14|||||35.2|||31.6|||37||6|7.5|8.9|40|77|90|22|30.5|39|16|36|50|".24"|".24"|0|0|0|0|0|0|0|0|0|0|0|0|23.5|43.8|66|17.6|32.8|49.5|1|2.4|4.4|6.1|7.3|8.4|||||||||||||||||||||||||||||||||"118979:1573106"|"118979:5549902"
"H3"||"C"||2||152|||203|||||0|0|0|0|0|0|99|99.5|100|98|99|100|49|74.5|100|5|50|95||||||||||||||||||||||||||||5|35|60||||5|12.5|20||||1.3|1.45|1.6|||||1.8|||0.01|0.2|0.42|0.12|0.17|0.22|||||35.2|||31.6|||37||6|7.5|8.9|15|67|90|1|20|39|0|8|50|".24"|".24"|0|0|0|0|0|0|0|0|0|0|0|0|13|39.2|66|9.8|29.4|49.5|1|2.4|4.4|6.1|7.3|8.4|||||||||||||||||||||||||||||||||"118979:1573106"|"118979:5549903"
"H1"||"A"||||0|||10|||||0|0|0|0|0|0|98|99|100|95|97.5|100|50|88|100|5|66|90||44|||4.3|||5.9|||7.8|||13.6|||12.4|||40||||||||5|16|27||||2|3.5|5||||1.3|1.4|1.55|||||1.46|||4|9|14|0.18|0.19|0.2|||||28.3|||13.4|||43||0|1.5|2.9|12|21.5|31|1|6|11|0|1|9|".24"|".24"|0|0|0|0|0|0|0|0|0|0|0|0|8|11.9|18|6|8.9|13.5|1|2.4|4.4|4.5|5|5.5|||||||||||||||||||||||||||||||||"118979:917982"|"118979:3182917"
"H2"||"C"||1||10|||132|||||0|0|0|0|0|0|98|99|100|95|97.5|100|50|80|100|5|40|80||40|||3|||4|||9.5|||14.6|||8.9|||40||||||||5|20|27||||0|1.5|3||||1.4|1.55|1.7|||||1.62|||4|9|14|0.05|0.12|0.19|||||23.3|||14.9|||38||0|1.5|2.9|12|21.5|31|1|6|11|0|0|7|".15"|".15"|0|0|0|0|0|0|0|0|0|0|0|0|1.2|8.4|13.5|0.9|6.3|10.1|1|2.4|4.4|4.5|5|5.5|||||||||||||||||||||||||||||||||"118979:917982"|"118979:3182918"
"H3"||"C"||5||132|||188|||||0|0|0|0|2|3|85|88|100|50|62|100|25|40|95|2|7|75||92|||5|||15|||45|||15|||12|||3||||||||1|5|20||||0|1.5|3||||1.5|1.6|1.7|||||1.68|||42|92|141|0.04|0.1|0.16||11.6|||9.1|||4.2|||27||1|1.2|1.5|8|16.5|25|0|4|8|0|0|3|".05"|".10"|0|0|0|0|0|0|0|0|0|0|0|0|0.2|5.9|11.8|0.1|4.4|8.8|1|2.4|4.4|4.5|5|5.5|||||||||||||||||||||||||||||||||"118979:917982"|"118979:3182919"
"H1"||"A"||1||0|||30|||||0|0|0|0|0|0|98|99|100|95|97.5|100|57|75|100|28|46|90||67.3|||0.1|||3.1|||15.3|||32.3|||16.5|||20.2||||||||5|12.5|18||||1|3.5|6||||1.3|1.45|1.6|||||1.52|||14|28|42|0.14|0.15|0.16|||||21.7|||12.8|||41||0|1.5|2.9|12|17.5|23|1|4|7|0|0|4|".24"|".24"|0|0|0|0|0|0|0|0|0|0|0|0|3.5|10.9|18|2.6|8.2|13.5|1|2.4|4.4|3.6|5.1|6.5|||||||||||||||||||||||||||||||||"118978:1573098"|"118978:5549849"
"H2"||"B"||1||30|||183|||||0|0|0|0|0|0|96|98|100|95|97.5|100|80|90|100|35|70|95||40|||0|||||||||||||||33.5||||||||18|26.5|50||||0.5|0.75|1||||1.4|1.48|1.55|||||1.55|||4|9|14|0.12|0.16|0.19|||||30.4|||16.4|||41||0|1.5|2.9|23|31|39|7|11.5|16|0|6|16|".15"|".15"|0|0|0|0|0|0|0|0|0|0|0|0|5.6|8.2|11|4.2|6.1|8.2|1|2.4|4.4|3.6|4.6|5.5|||||||||||||||||||||||||||||||||"118978:1573098"|"118978:5549850"
"H1"||"H"||1||0|||23|||||0|0|0|0|0|0|100|100|100|100|100|100|50|78|85|15|48|55||83.5|||0.4|||5.8|||18.5|||36.3|||22.5|||9.5||||||||3|7|11||||0.5|1.25|2||||1.25|1.35|1.45|||||1.41|||14|28|42|0.06|0.09|0.11|||||15.4|||5.9|||46||0|1.5|2.9|10|13|17|0|0|2|0|0|0|".28"|".28"|0|0|0|0|0|0|0|0|0|0|0|0|1.9|4.6|7.2|1.4|3.4|5.4|1|2.4|4.4|4.5|5|5.5|||||||||||||||||||||||||||||||||"118978:1082949"|"118978:2927793"
"H2"||"H"||2||23|||160|||||0|0|0|0|0|0|100|100|100|100|100|100|60|85|90|30|45|55||60.7|||1.4|||8.9|||16.1|||22|||12.3|||12.8||||||||18|26.5|35||||0|0|0||||1.3|1.4|1.45|||||1.46|||4|9|14|0.12|0.15|0.17|||||24|||15.6|||45||0|1.5|2.9|23|31|38|6|10|14|0|1|5|".28"|".28"|0|0|0|0|0|0|0|0|0|0|0|0|4.5|6.6|8.8|3.4|5|6.6|1|2.4|4.4|4.5|5|5.5|||||||||||||||||||||||||||||||||"118978:1082949"|"118978:2927794"
"H1"||"H"||1||0|||36|||||0|0|0|0|0|8|85|100|100|80|100|100|48|65|95|24|35|75||67.9|||4.5|||14.5|||18|||20.2|||10.7|||19.6||||||||7|12.5|18||||0.5|1.25|2||||1.3|1.35|1.4|||||1.41|||14|28|42|0.1|0.14|0.17|||||18.4|||8.7|||46||0|1.5|2.9|15|20|25|0|7.5|15|0|0|8|".28"|".28"|0|0|0|0|0|0|0|0|0|0|0|0|2.9|5.9|9|2.2|4.5|6.8|1|2.4|4.4|4.5|5.3|6|||||||||||||||||||||||||||||||||"118977:1082921"|"118977:2927556"
"H2"||"H"||2||36|||89|||||0|0|0|0|2|3|75|100|100|65|100|100|52|95|100|23|75|80||35.2|||3.2|||4.4|||6.1|||11|||10.5|||38.3||||||||18|26.5|35||||0|0.25|0.5||||1.35|1.4|1.45|||||1.46|||1.4|8|14|0.1|0.14|0.18|||||30|||15.7|||44||0|1.5|2.9|20|35|50|8|19|30|0|12|24|".28"|".28"|0|0|0|0|0|0|0|0|0|0|0|0|4.5|7.2|9.9|3.4|5.4|7.4|1|2.4|4.4|4.5|5.3|6|||||||||||||||||||||||||||||||||"118977:1082921"|"118977:2927557"
"H3"||"H"||3||89|||152|||||0|0|0|0|0|8|75|100|100|65|100|100|52|85|100|23|45|95||55.1|||1.5|||9|||15.2|||19.3|||10.1|||14.4||||||||21|30.5|40||||0|0.25|0.5||||1.45|1.53|1.6|||||1.75|||0.01|2|4|0.1|0.13|0.16|||||26.8|||19.9|||40||3|4.5|5.9|25|40|55|8|19|30|0|4|32|".20"|".20"|0|0|0|0|0|0|0|0|0|0|0|0|5.2|8.2|11.1|3.9|6.1|8.3|1|2.4|4.4|4.5|5.3|6|||||||||||||||||||||||||||||||||"118977:1082921"|"118977:2927558"
"H1"||"H"||1||0|||36|||||0|0|0|0|0|8|85|100|100|80|100|100|48|65|95|24|35|75||67.9|||4.5|||14.5|||18|||20.2|||10.7|||19.6||||||||7|12.5|18||||0.5|1.25|2||||1.3|1.35|1.4|||||1.41|||14|28|42|0.1|0.14|0.17|||||18.4|||8.7|||46||0|1.5|2.9|15|20|25|0|7.5|15|0|0|8|".28"|".28"|0|0|0|0|0|0|0|0|0|0|0|0|2.9|5.9|9|2.2|4.5|6.8|1|2.4|4.4|4.5|5.3|6|||||||||||||||||||||||||||||||||"118976:1082920"|"118976:2927548"
"H2"||"H"||2||36|||89|||||0|0|0|0|2|3|75|100|100|65|100|100|52|95|100|23|75|80||35.2|||3.2|||4.4|||6.1|||11|||10.5|||38.3||||||||18|26.5|35||||0|0.25|0.5||||1.35|1.4|1.45|||||1.46|||1.4|8|14|0.1|0.14|0.18|||||30|||15.7|||44||0|1.5|2.9|20|35|50|8|19|30|0|12|24|".28"|".28"|0|0|0|0|0|0|0|0|0|0|0|0|4.5|7.2|9.9|3.4|5.4|7.4|1|2.4|4.4|4.5|5.3|6|||||||||||||||||||||||||||||||||"118976:1082920"|"118976:2927549"
"H3"||"H"||3||89|||152|||||0|0|0|0|0|8|75|100|100|65|100|100|52|85|100|23|45|95||55.1|||1.5|||9|||15.2|||19.3|||10.1|||14.4||||||||21|30.5|40||||0|0.25|0.5||||1.45|1.53|1.6|||||1.75|||0.01|2|4|0.1|0.13|0.16|||||26.8|||19.9|||40||3|4.5|5.9|25|40|55|8|19|30|0|4|32|".20"|".20"|0|0|0|0|0|0|0|0|0|0|0|0|5.2|8.2|11.1|3.9|6.1|8.3|1|2.4|4.4|4.5|5.3|6|||||||||||||||||||||||||||||||||"118976:1082920"|"118976:2927550"
"H1"||"H"||1||0|||25|||||0|0|0|0|0|0|100|100|100|95|100|100|57|65|70|28|35|40||67.9|||4.5|||14.5|||18|||20.2|||10.7|||19.6||||||||5|12.5|20||||2|5|8||||1.2|1.3|1.4|||||1.36|||14|28|42|0.1|0.13|0.15|||||22.1|||13|||46||0|1.5|2.9|10|12|25|0|3|7|0|0|0|".24"|".24"|0|0|0|0|0|0|0|0|0|0|0|0|5.8|14.4|23|4.3|10.8|17.2|4.4|8.6|13.9|4.5|5.5|6.5|||||||||||||||||||||||||||||||||"118975:1573102"|"118975:5549862"
"H2"||"H"||2||25|||123|||||0|0|0|0|0|0|100|100|100|95|100|100|76|90|100|33|53|95||47.8|||4.4|||7.4|||11.9|||15.5|||8.6|||7.2||||||||30|45|60||||0|0|0||||1.45|1.53|1.6|||||1.9|||0.42|1|1.4|0.13|0.16|0.18|||||32.2|||24.8|||40||6|7.5|8.9|34|40|61|12|20|27|0|7|31|".32"|".32"|0|0|0|0|0|0|0|0|0|0|0|0|7.5|11.2|15|5.6|8.4|11.2|4.4|8.6|13.9|5.1|6.8|8.4|||||||||||||||||||||||||||||||||"118975:1573102"|"118975:5549863"
"H3"||"H"||3||123|||152|||||0|0|0|0|0|0|30|40|100|10|28|100|6|17|70|3|8|40||65.9|||4.3|||14.1|||17.5|||19.6|||10.4|||19.1||||||||5|15|20||||0|0|0||||1.2|1.3|1.4|||||1.74|||1.4|2|4|0.12|0.14|0.16|||||7.9|||3.6|||21||3|4.5|5.9|12|20|25|0|4|7|0|0|0|".05"|".28"|0|0|0|0|0|0|0|0|0|0|0|0|1.2|3.8|5|0.9|2.8|3.8|4.4|8.6|13.9|6.1|7|8.4|||||||||||||||||||||||||||||||||"118975:1573102"|"118975:5549864"
"H1"||"H"||1||0|||28|||||0|0|0|0|0|0|90|100|100|80|100|100|48|78|85|24|48|55||46|||4.5|||5.3|||9.2|||15.3|||11.7|||44||||||||5|10|15||||0.5|0.75|1||||1.3|1.38|1.45|||||1.44|||4|9|14|0.14|0.17|0.2|||||16.9|||7.2|||45||0|1.5|2.9|15|22.5|30|0|5|10|0|0|3|".37"|".37"|0|0|0|0|0|0|0|0|0|0|0|0|2.9|5.2|7.5|2.2|3.9|5.6|1|2.4|4.4|3.6|4.6|5.5|||||||||||||||||||||||||||||||||"118975:1082810"|"118975:2927421"
"H2"||"H"||2||28|||123|||||0|0|0|0|0|0|90|100|100|80|100|100|80|95|100|35|75|85||28.1|||1.7|||2.4|||5.4|||10.2|||8.4|||29.4||||||||35|42.5|50||||0|0.25|0.5||||1.45|1.53|1.6|||||1.75|||1.4|3|4|0.12|0.16|0.19|||||35|||23.8|||40||3|4.5|5.9|35|47.5|60|16|28|40|1|20|36|".28"|".28"|0|0|0|0|0|0|0|0|0|0|0|0|12.2|15.4|18.6|9.2|11.6|14|1|2.4|4.4|3.6|4.6|5.5|||||||||||||||||||||||||||||||||"118975:1082810"|"118975:2927422"
"H3"||"H"||3||123|||152|||||0|0|0|0|0|0|90|100|100|80|100|100|48|85|90|24|45|55||60|||5.6|||14.3|||14.5|||16|||9.6|||22.5||||||||5|17.5|30||||0|0.25|0.5||||1.3|1.4|1.5|||||1.46|||4|23|42|0.05|0.1|0.14|||||20.2|||10.6|||45||0|1.5|2.9|15|22.5|30|0|5|10|0|0|3|".17"|".17"|0|0|0|0|0|0|0|0|0|0|0|0|1.8|6.7|11.6|1.3|5|8.7|1|2.4|4.4|3.6|4.6|5.5|||||||||||||||||||||||||||||||||"118975:1082810"|"118975:5549573"
"H1"||"H"||1||0|||25|||||0|0|0|0|0|0|100|100|100|95|100|100|57|65|70|28|35|40||67.9|||4.5|||14.5|||18|||20.2|||10.7|||19.6||||||||5|12.5|20||||2|5|8||||1.2|1.3|1.4|||||1.36|||14|28|42|0.1|0.13|0.15|||||22.1|||13|||46||0|1.5|2.9|10|12|25|0|3|7|0|0|0|".24"|".24"|0|0|0|0|0|0|0|0|0|0|0|0|5.8|14.4|23|4.3|10.8|17.2|4.4|8.6|13.9|4.5|5.5|6.5|||||||||||||||||||||||||||||||||"118974:1573101"|"118974:5549859"
"H2"||"H"||2||25|||123|||||0|0|0|0|0|0|100|100|100|95|100|100|76|90|100|33|53|95||47.8|||4.4|||7.4|||11.9|||15.5|||8.6|||7.2||||||||30|45|60||||0|0|0||||1.45|1.53|1.6|||||1.9|||0.42|1|1.4|0.13|0.16|0.18|||||32.2|||24.8|||40||6|7.5|8.9|34|40|61|12|20|27|0|7|31|".32"|".32"|0|0|0|0|0|0|0|0|0|0|0|0|7.5|11.2|15|5.6|8.4|11.2|4.4|8.6|13.9|5.1|6.8|8.4|||||||||||||||||||||||||||||||||"118974:1573101"|"118974:5549860"
"H3"||"H"||3||123|||152|||||0|0|0|0|0|0|30|40|100|10|28|100|6|17|70|3|8|40||65.9|||4.3|||14.1|||17.5|||19.6|||10.4|||19.1||||||||5|15|20||||0|0|0||||1.2|1.3|1.4|||||1.74|||1.4|2|4|0.12|0.14|0.16|||||7.9|||3.6|||21||3|4.5|5.9|12|20|25|0|4|7|0|0|0|".05"|".28"|0|0|0|0|0|0|0|0|0|0|0|0|1.2|3.8|5|0.9|2.8|3.8|4.4|8.6|13.9|6.1|7|8.4|||||||||||||||||||||||||||||||||"118974:1573101"|"118974:5549861"
"H1"||"H"||1||0|||28|||||0|0|0|0|0|0|90|100|100|80|100|100|48|78|85|24|48|55||46|||4.5|||5.3|||9.2|||15.3|||11.7|||44||||||||5|10|15||||0.5|0.75|1||||1.3|1.38|1.45|||||1.44|||4|9|14|0.14|0.17|0.2|||||16.9|||7.2|||45||0|1.5|2.9|15|22.5|30|0|5|10|0|0|3|".37"|".37"|0|0|0|0|0|0|0|0|0|0|0|0|2.9|5.2|7.5|2.2|3.9|5.6|1|2.4|4.4|3.6|4.6|5.5|||||||||||||||||||||||||||||||||"118974:1082795"|"118974:2927405"
"H2"||"H"||2||28|||123|||||0|0|0|0|0|0|90|100|100|80|100|100|80|95|100|35|75|85||28.1|||1.7|||2.4|||5.4|||10.2|||8.4|||29.4||||||||35|42.5|50||||0|0.25|0.5||||1.45|1.53|1.6|||||1.75|||1.4|3|4|0.12|0.16|0.19|||||35|||23.8|||40||3|4.5|5.9|35|47.5|60|16|28|40|1|20|36|".28"|".28"|0|0|0|0|0|0|0|0|0|0|0|0|12.2|15.4|18.6|9.2|11.6|14|1|2.4|4.4|3.6|4.6|5.5|||||||||||||||||||||||||||||||||"118974:1082795"|"118974:2927406"
"H3"||"H"||3||123|||152|||||0|0|0|0|0|0|90|100|100|80|100|100|48|85|90|24|45|55||60|||5.6|||14.3|||14.5|||16|||9.6|||22.5||||||||5|17.5|30||||0|0.25|0.5||||1.3|1.4|1.5|||||1.46|||4|23|42|0.05|0.1|0.14|||||20.2|||10.6|||45||0|1.5|2.9|15|22.5|30|0|5|10|0|0|3|".17"|".17"|0|0|0|0|0|0|0|0|0|0|0|0|1.8|6.7|11.6|1.3|5|8.7|1|2.4|4.4|3.6|4.6|5.5|||||||||||||||||||||||||||||||||"118974:1082795"|"118974:2927407"
"H1"||"A"||1||0|||30|||||0|0|0|0|0|0|98|99|100|95|97.5|100|57|75|100|28|46|90||67.3|||0.1|||3.1|||15.3|||32.3|||16.5|||20.2||||||||5|12.5|18||||1|3.5|6||||1.3|1.45|1.6|||||1.52|||14|28|42|0.14|0.15|0.16|||||21.7|||12.8|||41||0|1.5|2.9|12|17.5|23|1|4|7|0|0|4|".24"|".24"|0|0|0|0|0|0|0|0|0|0|0|0|3.5|10.9|18|2.6|8.2|13.5|1|2.4|4.4|3.6|5.1|6.5|||||||||||||||||||||||||||||||||"118973:1573097"|"118973:5549847"
"H2"||"B"||1||30|||183|||||0|0|0|0|0|0|96|98|100|95|97.5|100|80|90|100|35|70|95||40|||0|||||||||||||||33.5||||||||18|26.5|50||||0.5|0.75|1||||1.4|1.48|1.55|||||1.55|||4|9|14|0.12|0.16|0.19|||||30.4|||16.4|||41||0|1.5|2.9|23|31|39|7|11.5|16|0|6|16|".15"|".15"|0|0|0|0|0|0|0|0|0|0|0|0|5.6|8.2|11|4.2|6.1|8.2|1|2.4|4.4|3.6|4.6|5.5|||||||||||||||||||||||||||||||||"118973:1573097"|"118973:5549848"
"H1"||"H"||1||0|||23|||||0|0|0|0|0|0|100|100|100|95|100|100|81|87.5|100|57|67.5|90||29.3|||2.4|||3.5|||4.8|||9.2|||9.4|||53.7||||||||7|17|27||||0.5|1.25|2||||1.3|1.38|1.45|||||1.44|||1.4|8|14|0.12|0.14|0.15|||||26.7|||11|||45||0|1.5|2.9|15|25|35|0|7.5|15|0|2|13|".32"|".32"|0|0|0|0|0|0|0|0|0|0|0|0||8|||2.4||1|2.4|4.4|3.6|5.1|6.5|||||||||||||||||||||||||||||||||"118973:1082787"|"118973:2927380"
"H2"||"H"||2||23|||135|||||0|0|0|0|0|0|100|100|100|95|100|100|86|95|100|66|85|95||23.3|||3.2|||3.7|||4.3|||6.5|||5.6|||29.2||||||||35|47.5|60||||0|0.25|0.5||||1.3|1.38|1.45|||||1.57|||0.42|1|1.4|0.12|0.14|0.15|||||38.9|||25.8|||45||3|4.5|5.9|40|55|70|24|33.5|43|13|30|47|".32"|".32"|0|0|0|0|0|0|0|0|0|0|0|0||11|||5.1||1|2.4|4.4|3.6|4.6|5.5|||||||||||||||||||||||||||||||||"118973:1082787"|"118973:2927381"
"H3"||"H"||3||135|||152|||||0|0|0|0|0|0|100|100|100|95|100|100|48|85|90|14|45|55||61.4|||4.5|||6.1|||14.6|||22.4|||13.8|||18.6||||||||5|20|35||||0|0.25|0.5||||1.35|1.48|1.6|||||1.55|||1.4|22|42|0.08|0.11|0.14|||||21.9|||12.8|||42||0|1.5|2.9|15|25|35|0|7.5|15|0|0|5|".32"|".32"|0|0|0|0|0|0|0|0|0|0|0|0||7|||2.4||1|2.4|4.4|3.6|4.6|5.5|||||||||||||||||||||||||||||||||"118973:1082787"|"118973:2927382"
"H1"||"A"||1||0|||30|||||0|0|0|0|0|0|98|99|100|95|97.5|100|57|75|100|28|46|90||67.3|||0.1|||3.1|||15.3|||32.3|||16.5|||20.2||||||||5|12.5|18||||1|3.5|6||||1.3|1.45|1.6|||||1.52|||14|28|42|0.14|0.15|0.16|||||21.7|||12.8|||41||0|1.5|2.9|12|17.5|23|1|4|7|0|0|4|".24"|".24"|0|0|0|0|0|0|0|0|0|0|0|0|3.5|10.9|18|2.6|8.2|13.5|1|2.4|4.4|3.6|5.1|6.5|||||||||||||||||||||||||||||||||"118972:1573096"|"118972:5549845"
"H2"||"B"||1||30|||183|||||0|0|0|0|0|0|96|98|100|95|97.5|100|80|90|100|35|70|95||40|||0|||||||||||||||33.5||||||||18|26.5|50||||0.5|0.75|1||||1.4|1.48|1.55|||||1.55|||4|9|14|0.12|0.16|0.19|||||30.4|||16.4|||41||0|1.5|2.9|23|31|39|7|11.5|16|0|6|16|".15"|".15"|0|0|0|0|0|0|0|0|0|0|0|0|5.6|8.2|11|4.2|6.1|8.2|1|2.4|4.4|3.6|4.6|5.5|||||||||||||||||||||||||||||||||"118972:1573096"|"118972:5549846"
"H1"||"H"||1||0|||23|||||0|0|0|0|0|0|100|100|100|95|100|100|81|87.5|100|57|67.5|90||29.3|||2.4|||3.5|||4.8|||9.2|||9.4|||53.7||||||||7|17|27||||0.5|1.25|2||||1.3|1.38|1.45|||||1.44|||1.4|8|14|0.12|0.14|0.15|||||26.7|||11|||45||0|1.5|2.9|15|25|35|0|7.5|15|0|2|13|".32"|".32"|0|0|0|0|0|0|0|0|0|0|0|0||8|||2.4||1|2.4|4.4|3.6|5.1|6.5|||||||||||||||||||||||||||||||||"118972:1082777"|"118972:2927359"
"H2"||"H"||2||23|||135|||||0|0|0|0|0|0|100|100|100|95|100|100|86|95|100|66|85|95||23.3|||3.2|||3.7|||4.3|||6.5|||5.6|||29.2||||||||35|47.5|60||||0|0.25|0.5||||1.3|1.38|1.45|||||1.57|||0.42|1|1.4|0.12|0.14|0.15|||||38.9|||25.8|||45||3|4.5|5.9|40|55|70|24|33.5|43|13|28|49|".32"|".32"|0|0|0|0|0|0|0|0|0|0|0|0||11|||5.1||1|2.4|4.4|3.6|4.6|5.5|||||||||||||||||||||||||||||||||"118972:1082777"|"118972:2927360"
"H3"||"H"||3||135|||152|||||0|0|0|0|0|0|100|100|100|95|100|100|48|85|90|14|45|55||61.4|||4.5|||6.1|||14.6|||22.4|||13.8|||18.6||||||||5|20|35||||0|0.25|0.5||||1.35|1.48|1.6|||||1.55|||1.4|22|42|0.08|0.11|0.14|||||21.9|||12.8|||42||0|1.5|2.9|15|25|35|0|7.5|15|0|0|4|".32"|".32"|0|0|0|0|0|0|0|0|0|0|0|0||7|||2.4||1|2.4|4.4|3.6|4.6|5.5|||||||||||||||||||||||||||||||||"118972:1082777"|"118972:2927361"
"H1"||"A"||1||0|||30|||||0|0|0|0|0|0|98|99|100|95|97.5|100|57|75|100|28|46|90||67.3|||0.1|||3.1|||15.3|||32.3|||16.5|||20.2||||||||5|12.5|18||||1|3.5|6||||1.3|1.45|1.6|||||1.52|||14|28|42|0.14|0.15|0.16|||||21.7|||12.8|||41||0|1.5|2.9|12|17.5|23|1|4|7|0|0|4|".24"|".24"|0|0|0|0|0|0|0|0|0|0|0|0|3.5|10.9|18|2.6|8.2|13.5|1|2.4|4.4|3.6|5.1|6.5|||||||||||||||||||||||||||||||||"118971:1573100"|"118971:5549857"
"H2"||"B"||1||30|||183|||||0|0|0|0|0|0|96|98|100|95|97.5|100|80|90|100|35|70|95||40|||0|||||||||||||||33.5||||||||18|26.5|50||||0.5|0.75|1||||1.4|1.48|1.55|||||1.55|||4|9|14|0.12|0.16|0.19|||||30.4|||16.4|||41||0|1.5|2.9|23|31|39|7|11.5|16|0|6|16|".15"|".15"|0|0|0|0|0|0|0|0|0|0|0|0|5.6|8.2|11|4.2|6.1|8.2|1|2.4|4.4|3.6|4.6|5.5|||||||||||||||||||||||||||||||||"118971:1573100"|"118971:5549858"
"H1"||"H"||1||0|||30|||||0|0|0|0|0|0|100|100|100|100|100|100|60|78|95|30|48|75||67.5|||0.3|||4.7|||15|||29.3|||18.2|||21||||||||5|11.5|18||||0.5|1.25|2||||1.45|1.53|1.6|||||1.6|||14|28|42|0.1|0.13|0.15|||||19.4|||9.7|||40||0|1.5|2.9|12|17|23|0|3|6|0|0|2|".28"|".28"|0|0|0|0|0|0|0|0|0|0|0|0|2.4|5.7|9|1.8|4.3|6.8|1|2.4|4.4|4.5|5.3|6|||||||||||||||||||||||||||||||||"118971:1084499"|"118971:2941359"
"H2"||"H"||2||30|||183|||||0|0|0|0|0|0|100|100|100|100|100|100|80|85|100|35|45|80||55.8|||1.3|||8.2|||14.8|||20.2|||11.3|||17.7||||||||18|26.5|35||||0|0.25|0.5||||1.35|1.43|1.5|||||1.5|||4|9|14|0.12|0.16|0.2|||||24.4|||16.2|||44||0|1.5|2.9|23|30|31|6|10|14||||".32"|".32"|0|0|0|0|0|0|0|0|0|0|0|0|4.5|7.2|9.9|3.4|5.4|7.4|1|2.4|4.4|4.5|5.3|6|||||||||||||||||||||||||||||||||"118971:1084499"|"118971:2940947"
"H1"||"A"||1||0|||30|||||0|0|0|0|0|0|98|99|100|95|97.5|100|57|75|100|28|46|90||67.3|||0.1|||3.1|||15.3|||32.3|||16.5|||20.2||||||||5|12.5|18||||1|3.5|6||||1.3|1.45|1.6|||||1.52|||14|28|42|0.14|0.15|0.16|||||21.7|||12.8|||41||0|1.5|2.9|12|17.5|23|1|4|7|0|0|4|".24"|".24"|0|0|0|0|0|0|0|0|0|0|0|0|3.5|10.9|18|2.6|8.2|13.5|1|2.4|4.4|3.6|5.1|6.5|||||||||||||||||||||||||||||||||"118970:1573099"|"118970:5549855"
"H2"||"B"||1||30|||183|||||0|0|0|0|0|0|96|98|100|95|97.5|100|80|90|100|35|70|95||40|||0|||||||||||||||33.5||||||||18|26.5|50||||0.5|0.75|1||||1.4|1.48|1.55|||||1.55|||4|9|14|0.12|0.16|0.19|||||30.4|||16.4|||41||0|1.5|2.9|23|31|39|7|11.5|16|0|6|16|".15"|".15"|0|0|0|0|0|0|0|0|0|0|0|0|5.6|8.2|11|4.2|6.1|8.2|1|2.4|4.4|3.6|4.6|5.5|||||||||||||||||||||||||||||||||"118970:1573099"|"118970:5549856"
"H1"||"H"||1||0|||30|||||0|0|0|0|0|0|100|100|100|100|100|100|60|78|95|30|48|75||67.5|||0.3|||4.7|||15|||29.3|||18.2|||21||||||||5|11.5|18||||0.5|1.25|2||||1.45|1.53|1.6|||||1.6|||14|28|42|0.1|0.13|0.15|||||19.4|||9.7|||40||0|1.5|2.9|12|17|23|0|3|6|0|0|2|".28"|".28"|0|0|0|0|0|0|0|0|0|0|0|0|2.4|5.7|9|1.8|4.3|6.8|1|2.4|4.4|4.5|5.3|6|||||||||||||||||||||||||||||||||"118970:918081"|"118970:2302693"
"H2"||"H"||2||30|||183|||||0|0|0|0|0|0|100|100|100|100|100|100|80|85|100|35|45|80||55.8|||1.3|||8.2|||14.8|||20.2|||11.3|||17.7||||||||18|26.5|35||||0|0.25|0.5||||1.35|1.43|1.5|||||1.5|||4|9|14|0.12|0.16|0.2|||||24.4|||16.2|||44||0|1.5|2.9|23|30|31|6|10|14|0|1|9|".32"|".32"|0|0|0|0|0|0|0|0|0|0|0|0|4.5|7.2|9.9|3.4|5.4|7.4|1|2.4|4.4|4.5|5.3|6|||||||||||||||||||||||||||||||||"118970:918081"|"118970:2302694"
"H1"||"A"||||0|||10|||||0|0|0|0|0|0|98|99|100|95|97.5|100|50|88|100|5|66|90||44|||4.3|||5.9|||7.8|||13.6|||12.4|||40||||||||5|16|27||||2|3.5|5||||1.3|1.4|1.55|||||1.46|||4|9|14|0.18|0.19|0.2|||||28.3|||13.4|||43||0|1.5|2.9|12|21.5|31|1|6|11|0|1|9|".24"|".24"|0|0|0|0|0|0|0|0|0|0|0|0|8|11.9|18|6|8.9|13.5|1|2.4|4.4|4.5|5|5.5|||||||||||||||||||||||||||||||||"118969:1573968"|"118969:5553897"
"H2"||"C"||1||10|||132|||||0|0|0|0|0|0|98|99|100|95|97.5|100|50|80|100|5|40|80||40|||3|||4|||9.5|||14.6|||8.9|||40||||||||5|20|27||||0|1.5|3||||1.4|1.55|1.7|||||1.62|||4|9|14|0.05|0.12|0.19|||||23.3|||14.9|||38||0|1.5|2.9|12|21.5|31|1|6|11|0|0|7|".15"|".15"|0|0|0|0|0|0|0|0|0|0|0|0|1.2|8.4|13.5|0.9|6.3|10.1|1|2.4|4.4|4.5|5|5.5|||||||||||||||||||||||||||||||||"118969:1573968"|"118969:5553898"
"H3"||"C"||5||132|||188|||||0|0|0|0|2|3|85|88|100|50|62|100|25|40|95|2|7|75||92|||5|||15|||45|||15|||12|||3||||||||1|5|20||||0|1.5|3||||1.5|1.6|1.7|||||1.68|||42|92|141|0.04|0.1|0.16||11.6|||9.1|||4.2|||27||1|1.2|1.5|8|16.5|25|0|4|8|0|0|3|".05"|".10"|0|0|0|0|0|0|0|0|0|0|0|0|0.2|5.9|11.8|0.1|4.4|8.8|1|2.4|4.4|4.5|5|5.5|||||||||||||||||||||||||||||||||"118969:1573968"|"118969:5553899"
"H1"||"A"||||0|||51|||||0|0|0|0|0|0|100|100|100|98|99|100|90|95|100|80|90|95||15|||0|||0|||5|||5|||5|||51.5||||||||27|33.5|40||||10|17.5|25||||1.1|1.18|1.25|||||1.47|||1.4|8|14|0.21|0.22|0.23|||||39.4|||33.5|||46||6|7.5|8.9|40|77|90|16|20.5|25|12|29|39|".32"|".32"|0|0|0|0|0|0|0|0|0|0|0|0|32|52.4|70.2|24|39.3|52.6|1|2.4|4.4|6.1|7.3|8.4|||||||||||||||||||||||||||||||||"118969:918079"|"118969:3182812"
"H2"||"C"||1||51|||152|||||0|0|0|0|0|0|100|100|100|98|99|100|90|95|100|80|90|95||5.5|||0.2|||0.3|||0.6|||1.7|||2.7|||47||||||||35|47.5|60||||5|12.5|20||||1.3|1.45|1.6|||||1.8|||0.01|0.2|0.42|0.12|0.13|0.14|||||35.2|||31.6|||37||6|7.5|8.9|40|77|90|22|30.5|39|16|36|50|".24"|".24"|0|0|0|0|0|0|0|0|0|0|0|0|23.5|43.8|66|17.6|32.8|49.5|1|2.4|4.4|6.1|7.3|8.4|||||||||||||||||||||||||||||||||"118969:918079"|"118969:3182813"
"H3"||"C"||2||152|||203|||||0|0|0|0|0|0|99|99.5|100|98|99|100|49|74.5|100|5|50|95||15|||0|||0|||5|||5|||5|||50||||||||5|35|60||||5|12.5|20||||1.3|1.45|1.6|||||1.8|||0.01|0.2|0.42|0.12|0.17|0.22|||||35.2|||31.6|||37||6|7.5|8.9|15|67|90|1|20|39|0|8|50|".24"|".24"|0|0|0|0|0|0|0|0|0|0|0|0|13|39.2|66|9.8|29.4|49.5|1|2.4|4.4|6.1|7.3|8.4|||||||||||||||||||||||||||||||||"118969:918079"|"118969:3182814"
"H1"||"H"||1||0|||36|||||0|0|0|0|0|0|90|100|100|76|90|95|64|81|95|38|61|75||26.5|||2.5|||3.5|||4.7|||8.3|||7.5|||53.5||||||||15|20|25||||0.5|1.25|2||||1.35|1.4|1.45|||||1.47|||4|9|14|0.14|0.17|0.2|||||26.6|||12.1|||42||0|1.5|2.9|15|21.5|28|0|3.5|7|0|0|5|".43"|".43"|0|0|0|0|0|0|0|0|0|0|0|0|4.9|7.8|10.8|3.7|5.9|8.1|1|2.4|4.4|3.6|4.6|5.5|||||||||||||||||||||||||||||||||"118968:1082675"|"118968:2927094"
"H2"||"H"||2||36|||132|||||0|0|0|0|0|0|90|100|100|85|100|100|76|95|100|60|85|95||26.1|||1.7|||2.2|||5|||9.4|||7.8|||28.9||||||||35|45|55||||0|0.25|0.5||||1.4|1.45|1.5|||||1.65|||0.01|2|4|0.14|0.18|0.22|||||36.9|||24.8|||43||3|4.5|5.9|41|55.5|70|18|29|40|8|27|45|".32"|".32"|0|0|0|0|0|0|0|0|0|0|0|0|8.8|11.8|14.9|6.6|8.9|11.2|1|2.4|4.4|3.6|4.6|5.5|||||||||||||||||||||||||||||||||"118968:1082675"|"118968:2927095"
"H3"||"H"||3||132|||152|||||0|0|0|0|1|2|90|100|100|85|100|100|51|85|95|26|45|60||55.1|||1.5|||9|||15.2|||19.3|||10.1|||14.4||||||||21|30.5|40||||0|0.25|0.5||||1.45|1.53|1.6|||||1.75|||0.01|2|4|0.1|0.13|0.16|||||26.6|||19.8|||40||3|4.5|5.9|25|40|55|8|19|30|0|4|15|".20"|".20"|0|0|0|0|0|0|0|0|0|0|0|0||8|||2.7||1|2.4|4.4|4.5|5.3|6|||||||||||||||||||||||||||||||||"118968:1082675"|"118968:2927203"
"H1"||"H"||1||0|||25|||||0|0|0|0|0|0|97.5|100|100|97.5|100|100|49|78|85|14|48|55||68.8|||0.1|||3.2|||15.6|||33|||16.9|||16.2||||||||10|15|18||||0.5|1.25|2||||1.35|1.4|1.45|||||1.46|||14|28|42|0.1|0.13|0.16|||||20.6|||11.1|||44||0|1.5|2.9|14|18|23|1|3|6|0|0|0|".20"|".20"|0|0|0|0|0|0|0|0|0|0|0|0|3.1|5.8|9|2.3|4.4|6.8|1|2.4|4.4|3.6|4.8|6|||||||||||||||||||||||||||||||||"118967:1084498"|"118967:2940941"
"H2"||"H"||2||25|||104|||||0|0|0|0|0|0|97.5|100|100|97.5|100|100|58|85|100|29|45|80||57|||1.3|||8.4|||15.1|||20.7|||11.5|||18||||||||10|25|35||||0|0|0||||1.4|1.45|1.5|||||1.52|||4|9|14|0.1|0.13|0.15|||||23.7|||15.2|||43||0|1.5|2.9|16|30|38|2|10|14|0|1|11|".24"|".24"|0|0|0|0|0|0|0|0|0|0|0|0|2.5|6.2|8.8|1.9|4.7|6.6|1|2.4|4.4|3.6|4.8|6|||||||||||||||||||||||||||||||||"118967:1084498"|"118967:2940942"
"H3"||"H"||3||104|||163|||||0|0|0|0|0|0|90|95|100|80|92.5|100|40|57|70|4|21|40||71.3|||0.6|||9|||24.3|||28.9|||8.5|||16.7||||||||1|12|20||||0|0|0||||1.4|1.45|1.5|||||1.52|||14|78|141|0.04|0.07|0.1||21.7|||16.8|||7.5|||41||0|1.5|2.9|8|18|25|0|3|7|0|0|0|".15"|".15"|0|0|0|0|0|0|0|0|0|0|0|0|0.1|3|5|0.1|2.2|3.8|1|2.4|4.4|3.6|4.8|6|||||||||||||||||||||||||||||||||"118967:1084498"|"118967:2940943"
"H1"||"H"||1||0|||25|||||0|0|0|0|0|0|97.5|100|100|97.5|100|100|49|78|85|14|48|55||68.8|||0.1|||3.2|||15.6|||33|||16.9|||16.2||||||||10|15|18||||0.5|1.25|2||||1.35|1.4|1.45|||||1.46|||14|28|42|0.1|0.13|0.16|||||20.6|||11.1|||44||0|1.5|2.9|14|18|23|1|3|6|0|0|0|".20"|".20"|0|0|0|0|0|0|0|0|0|0|0|0|3.1|5.8|9|2.3|4.4|6.8|1|2.4|4.4|3.6|4.8|6|||||||||||||||||||||||||||||||||"118966:1084497"|"118966:2940938"
"H2"||"H"||2||25|||104|||||0|0|0|0|0|0|97.5|100|100|97.5|100|100|58|85|100|29|45|80||57|||1.3|||8.4|||15.1|||20.7|||11.5|||18||||||||10|25|35||||0|0|0||||1.4|1.45|1.5|||||1.52|||4|9|14|0.1|0.13|0.15|||||23.7|||15.2|||43||0|1.5|2.9|16|30|38|2|10|14|0|1|11|".24"|".24"|0|0|0|0|0|0|0|0|0|0|0|0|2.5|6.2|8.8|1.9|4.7|6.6|1|2.4|4.4|3.6|4.8|6|||||||||||||||||||||||||||||||||"118966:1084497"|"118966:2940939"
"H3"||"H"||3||104|||163|||||0|0|0|0|0|0|90|95|100|80|92.5|100|40|57|70|4|21|40||71.3|||0.6|||9|||24.3|||28.9|||8.5|||16.7||||||||1|12|20||||0|0|0||||1.4|1.45|1.5|||||1.52|||14|78|141|0.04|0.07|0.1||21.7|||16.8|||7.5|||41||0|1.5|2.9|8|18|25|0|3|7|0|0|0|".15"|".15"|0|0|0|0|0|0|0|0|0|0|0|0|0.1|3|5|0.1|2.2|3.8|1|2.4|4.4|3.6|4.8|6|||||||||||||||||||||||||||||||||"118966:1084497"|"118966:2940940"
"H1"||"H"||1||0|||25|||||0|0|0|0|0|0|97.5|100|100|97.5|100|100|49|78|85|14|48|55||68.8|||0.1|||3.2|||15.6|||33|||16.9|||16.2||||||||10|15|18||||0.5|1.25|2||||1.35|1.4|1.45|||||1.46|||14|28|42|0.1|0.13|0.16|||||20.6|||11.1|||44||0|1.5|2.9|14|18|23|1|3|6|0|0|0|".20"|".20"|0|0|0|0|0|0|0|0|0|0|0|0|3.1|5.8|9|2.3|4.4|6.8|1|2.4|4.4|3.6|4.8|6|||||||||||||||||||||||||||||||||"118965:1084496"|"118965:2940919"
"H2"||"H"||2||25|||104|||||0|0|0|0|0|0|97.5|100|100|97.5|100|100|58|85|100|29|45|80||57|||1.3|||8.4|||15.1|||20.7|||11.5|||18||||||||10|25|35||||0|0|0||||1.4|1.45|1.5|||||1.52|||4|9|14|0.1|0.13|0.15|||||23.7|||15.2|||43||0|1.5|2.9|16|30|38|2|10|14|0|1|11|".24"|".24"|0|0|0|0|0|0|0|0|0|0|0|0|2.5|6.2|8.8|1.9|4.7|6.6|1|2.4|4.4|3.6|4.8|6|||||||||||||||||||||||||||||||||"118965:1084496"|"118965:2940920"
"H3"||"H"||3||104|||163|||||0|0|0|0|0|0|90|95|100|80|92.5|100|40|57|70|4|21|40||71.3|||0.6|||9|||24.3|||28.9|||8.5|||16.7||||||||1|12|20||||0|0|0||||1.4|1.45|1.5|||||1.52|||14|78|141|0.04|0.07|0.1||21.7|||16.8|||7.5|||41||0|1.5|2.9|8|18|25|0|3|7|0|0|0|".15"|".15"|0|0|0|0|0|0|0|0|0|0|0|0|0.1|3|5|0.1|2.2|3.8|1|2.4|4.4|3.6|4.8|6|||||||||||||||||||||||||||||||||"118965:1084496"|"118965:2940921"
"H1"||"H"||1||0|||18|||||0|0|0|0|0|0|100|100|100|100|100|100|50|78|85|15|37|45||83.5|||0|||1.9|||14.5|||44|||23.1|||9.5||||||||2|7|12||||0.5|0.75|1||||1.25|1.35|1.45|||||1.41|||42|92|141|0.06|0.08|0.1||20.2|||14.6|||5.2|||46||0|1.5|2.9|9|13|18|0|0|3|0|0|0|".17"|".17"|0|0|0|0|0|0|0|0|0|0|0|0|1.6|3.4|5.2|1.2|2.6|3.9|1|2.4|4.4|3.6|5.3|5.5|||||||||||||||||||||||||||||||||"118964:1084495"|"118964:2940914"
"H2"||"H"||2||18|||107|||||0|0|0|0|0|0|100|100|100|100|100|100|70|78|90|28|48|55||70.5|||0.1|||3.3|||16|||33.8|||17.3|||16.5||||||||8|13|25||||0|0|0||||1.25|1.35|1.45|||||1.41|||14|28|42|0.1|0.13|0.15|||||17.6|||7.9|||47||0|1.5|2.9|14|19|30|1|4|10|0|0|3|".17"|".17"|0|0|0|0|0|0|0|0|0|0|0|0|2|3.2|6.2|1.5|2.4|4.7|1|2.4|4.4|4.5|5.3|6|||||||||||||||||||||||||||||||||"118964:1084495"|"118964:2940915"
"H3"||"H"||3||107|||183|||||0|0|0|0|0|0|100|100|100|100|100|100|50|73|85|5|28|45||72||||||||||||||||||18||||||||2|10|18||||0|0|0||||1.25|1.38|1.5|||||1.44|||14|78|141|0.04|0.07|0.1||16.5|||13.1|||6.3|||46||0|1.5|2.9|9|16|23|0|2|6|0|0|0|".17"|".20"|0|0|0|0|0|0|0|0|0|0|0|0|0.5|2.5|4.5|0.4|1.9|3.4|1|2.4|4.4|3.6|5.3|6.5|||||||||||||||||||||||||||||||||"118964:1084495"|"118964:2940916"
"H1"||"H"||1||0|||18|||||0|0|0|0|0|0|100|100|100|100|100|100|50|78|85|15|37|45||83.5|||0|||1.9|||14.5|||44|||23.1|||9.5||||||||2|7|12||||0.5|0.75|1||||1.25|1.35|1.45|||||1.41|||42|92|141|0.06|0.08|0.1||20.2|||14.6|||5.2|||46||0|1.5|2.9|9|13|18|0|0|3|0|0|0|".17"|".17"|0|0|0|0|0|0|0|0|0|0|0|0|1.6|3.4|5.2|1.2|2.6|3.9|1|2.4|4.4|3.6|5.3|5.5|||||||||||||||||||||||||||||||||"118963:1084494"|"118963:2940905"
"H2"||"H"||2||18|||107|||||0|0|0|0|0|0|100|100|100|100|100|100|70|78|90|28|48|55||70.5|||0.1|||3.3|||16|||33.8|||17.3|||16.5||||||||8|13|25||||0|0|0||||1.25|1.35|1.45|||||1.41|||14|28|42|0.1|0.13|0.15|||||17.6|||7.9|||47||0|1.5|2.9|14|19|30|1|4|10|0|0|3|".17"|".17"|0|0|0|0|0|0|0|0|0|0|0|0|2|3.2|6.2|1.5|2.4|4.7|1|2.4|4.4|4.5|5.3|6|||||||||||||||||||||||||||||||||"118963:1084494"|"118963:2940906"
"H3"||"H"||3||107|||183|||||0|0|0|0|0|0|100|100|100|100|100|100|50|73|85|5|28|45||72||||||||||||||||||18||||||||2|10|18||||0|0|0||||1.25|1.38|1.5|||||1.44|||14|78|141|0.04|0.07|0.1||16.5|||13.1|||6.3|||46||0|1.5|2.9|9|16|23|0|2|6|0|0|0|".17"|".20"|0|0|0|0|0|0|0|0|0|0|0|0|0.5|2.5|4.5|0.4|1.9|3.4|1|2.4|4.4|3.6|5.3|6.5|||||||||||||||||||||||||||||||||"118963:1084494"|"118963:2940907"
"H1"||"H"||1||0|||18|||||0|0|0|0|0|0|100|100|100|100|100|100|50|78|85|15|37|45||83.5|||0|||1.9|||14.5|||44|||23.1|||9.5||||||||2|7|12||||0.5|0.75|1||||1.25|1.35|1.45|||||1.41|||42|92|141|0.06|0.08|0.1||20.2|||14.6|||5.2|||46||0|1.5|2.9|9|13|18|0|0|3|0|0|0|".17"|".17"|0|0|0|0|0|0|0|0|0|0|0|0|1.6|3.4|5.2|1.2|2.6|3.9|1|2.4|4.4|3.6|5.3|5.5|||||||||||||||||||||||||||||||||"118962:1084493"|"118962:2940897"
"H2"||"H"||2||18|||107|||||0|0|0|0|0|0|100|100|100|100|100|100|70|78|90|28|48|55||70.5|||0.1|||3.3|||16|||33.8|||17.3|||16.5||||||||8|13|25||||0|0|0||||1.25|1.35|1.45|||||1.41|||14|28|42|0.1|0.13|0.15|||||17.6|||7.9|||47||0|1.5|2.9|14|19|30|1|4|10|0|0|3|".17"|".17"|0|0|0|0|0|0|0|0|0|0|0|0|2|3.2|6.2|1.5|2.4|4.7|1|2.4|4.4|4.5|5.3|6|||||||||||||||||||||||||||||||||"118962:1084493"|"118962:2940898"
"H3"||"H"||3||107|||183|||||0|0|0|0|0|0|100|100|100|100|100|100|50|73|85|5|28|45||72||||||||||||||||||18||||||||2|10|18||||0|0|0||||1.25|1.38|1.5|||||1.44|||14|78|141|0.04|0.07|0.1||16.5|||13.1|||6.3|||46||0|1.5|2.9|9|16|23|0|2|6|0|0|0|".17"|".20"|0|0|0|0|0|0|0|0|0|0|0|0|0.5|2.5|4.5|0.4|1.9|3.4|1|2.4|4.4|3.6|5.3|6.5|||||||||||||||||||||||||||||||||"118962:1084493"|"118962:2940899"
"H1"||"H"||1||0|||23|||||0|0|0|0|0|0|90|100|100|80|100|100|40|65|70|12|35|40||43|||1.9|||0.7|||9.5|||18.2|||12.7|||38.5||||||||10|18.5|27||||2|3|4||||1.2|1.3|1.4|||||1.36|||14|28|42|0.16|0.19|0.22|||||22.6|||13.7|||47||0|1.5|2.9|16|24|31|2|6|10|0|0|0|".32"|".32"|0|0|0|0|0|0|0|0|0|0|0|0|7|11.4|15.8|5.2|8.5|11.8|1|2.4|4.4|4.5|5|5.5|||||||||||||||||||||||||||||||||"118961:1816554"|"118961:7240826"
"H2"||"H"||2||23|||74|||||0|0|0|0|0|0|90|100|100|80|100|100|48|85|90|24|45|55||34.4|||0.8|||5.1|||9.1|||12.5|||6.9|||37.6||||||||18|28|35||||0.5|0.75|1||||1.3|1.38|1.45|||||1.44|||4|9|14|0.12|0.14|0.16|||||25|||17.1|||45||0|1.5|2.9|23|32|38|6|11|14|0|1|5|".32"|".32"|0|0|0|0|0|0|0|0|0|0|0|0|5.6|8.7|11|4.2|6.5|8.2|1|2.4|4.4|4.5|5|5.5|||||||||||||||||||||||||||||||||"118961:1816554"|"118961:7240827"
"H3"||"H"||3||74|||152|||||0|0|0|0|0|0|90|100|100|80|100|100|40|60|80|4|10|30||93.2|||0.6|||12.7|||36.1|||36.7|||7.1|||1.3||||||||1|5.5|10||||0|0.1|0.2||||1.6|1.65|1.7|||||1.73|||42|92|141|0.03|0.05|0.06||14.7|||10.9|||4.2|||36||0|1.5|2.9|8|12|16|0|0|2|0|0|0|".10"|".10"|0|0|0|0|0|0|0|0|0|0|0|0|0.2|1.6|3|0.2|1.2|2.2|1|2.4|4.4|4.5|5|5.5|||||||||||||||||||||||||||||||||"118961:1816554"|"118961:7240828"
"H1"||"A"||||0|||20|||||0|0|0|0|1|2|95|97|100|92|95|100|45|76|100|15|46|90||65.4|||0.1|||3|||14.8|||31.4|||16.1|||19.6||||||||10|15|20||||0.5|1.25|2||||1.25|1.38|1.5|||||1.45|||14|28|42|0.12|0.15|0.18|||||19.8|||10.6|||44||0|1.5|2.9|16|20.5|25|3|5|7|0|0|4|".20"|".20"|0|0|0|0|0|0|0|0|0|0|0|0|3.6|6.6|9.5|2.7|4.9|7.1|1|2.4|4.4|3.6|4.6|5.5|||||||||||||||||||||||||||||||||"118961:918056"|"118961:3182859"
"H2"||"B"||1||20|||104|||||0|0|0|0|1|2|95|97|100|92|95|100|55|80|100|28|50|80||65.4|||0.1|||3|||14.8|||31.4|||16.1|||19.6||||||||10|15|20||||0|0.25|0.5||||1.4|1.5|1.6|||||1.57|||4|9|14|0.12|0.15|0.18|||||19.3|||10.1|||40||0|1.5|2.9|16|20.5|25|3|5|7|0|0|3|".20"|".20"|0|0|0|0|0|0|0|0|0|0|0|0|2.5|4.3|6.1|1.9|3.2|4.6|1|2.4|4.4|3.6|4.6|5.5|||||||||||||||||||||||||||||||||"118961:918056"|"118961:3182860"
"H3"||"C"||||104|||178|||||0|0|0|0|1|2|85|95|100|80|90|100|40|60|100|12|40|95||65||||||||||||||||||15||||||||5|20|40||||0|0.25|0.5||||1.35|1.48|1.6|||||1.58|||0.01|2|4|0.12|0.15|0.18|||||20.5|||12|||39||0|2|4|12|28|44|1|9.5|18|0|0|19|".24"|".24"|0|0|0|0|0|0|0|0|0|0|0|0|1.2|5.6|11.1|0.9|4.2|8.3|1|2.4|4.4|3.6|4.6|5.5|||||||||||||||||||||||||||||||||"118961:918056"|"118961:3182861"
"H1"||"A"||||0|||15|||||0|0|0|0|0|0|100|100|100|100|100|100|50|72|80|5|28|35||93.2|||0|||1.4|||17|||58.2|||16.6|||1.3||||||||1|5.5|10||||0.5|1.75|3||||1.35|1.52|1.7|||||1.55|||42|92|141|0.05|0.08|0.1||16.5|||13.2|||6.4|||40||0|0.7|1.5|8|9|10|0|1.5|3|0|0|0|".10"|".10"|0|0|0|0|0|0|0|0|0|0|0|0|1.4|5.2|9.2|1|3.9|6.9|1|2.4|4.4|3.6|4.8|6|||||||||||||||||||||||||||||||||"118961:918055"|"118961:3182842"
"H2"||"C"||1||15|||152|||||0|0|0|0|0|0|100|100|100|100|100|100|50|65|80|5|15|35||92.9|||0.6|||12.7|||36|||36.6|||7|||1.6||||||||1|5.5|10||||0|0.25|0.5||||1.6|1.65|1.7|||||1.68|||42|92|141|0.05|0.06|0.07||15|||11.2|||4.4|||36||0|0.7|1.5|8|9|10|0|1.5|3|0|0|0|".10"|".10"|0|0|0|0|0|0|0|0|0|0|0|0|0.2|1.8|3.6|0.2|1.4|2.7|1|2.4|4.4|4.5|5.5|6.5|||||||||||||||||||||||||||||||||"118961:918055"|"118961:3182843"
"H1"||"A"||||0|||20|||||0|0|0|0|1|2|95|97|100|92|95|100|45|76|100|15|46|90||65.4|||0.1|||3|||14.8|||31.4|||16.1|||19.6||||||||10|15|20||||0.5|1.25|2||||1.25|1.38|1.5|||||1.45|||14|28|42|0.12|0.15|0.18|||||19.8|||10.6|||44||0|1.5|2.9|16|20.5|25|3|5|7|0|0|4|".20"|".20"|0|0|0|0|0|0|0|0|0|0|0|0|3.6|6.6|9.5|2.7|4.9|7.1|1|2.4|4.4|3.6|4.6|5.5|||||||||||||||||||||||||||||||||"118960:918052"|"118960:3182856"
"H2"||"B"||1||20|||104|||||0|0|0|0|1|2|95|97|100|92|95|100|55|80|100|28|50|80||65.4|||0.1|||3|||14.8|||31.4|||16.1|||19.6||||||||10|15|20||||0|0.25|0.5||||1.4|1.5|1.6|||||1.57|||4|9|14|0.12|0.15|0.18|||||19.3|||10.1|||40||0|1.5|2.9|16|20.5|25|3|5|7|0|0|3|".20"|".20"|0|0|0|0|0|0|0|0|0|0|0|0|2.5|4.3|6.1|1.9|3.2|4.6|1|2.4|4.4|3.6|4.6|5.5|||||||||||||||||||||||||||||||||"118960:918052"|"118960:3182857"
"H3"||"C"||||104|||178|||||0|0|0|0|1|2|85|95|100|80|90|100|40|60|100|12|40|95||65||||||||||||||||||15||||||||5|20|40||||0|0.25|0.5||||1.35|1.48|1.6|||||1.58|||0.01|2|4|0.12|0.15|0.18|||||20.5|||12|||39||0|2|4|12|28|44|1|9.5|18|0|0|19|".24"|".24"|0|0|0|0|0|0|0|0|0|0|0|0|1.2|5.6|11.1|0.9|4.2|8.3|1|2.4|4.4|3.6|4.6|5.5|||||||||||||||||||||||||||||||||"118960:918052"|"118960:3182858"
"H1"||"A"||||0|||15|||||0|0|0|0|0|0|100|100|100|100|100|100|50|72|80|5|28|35||93.2|||0|||1.4|||17|||58.2|||16.6|||1.3||||||||1|5.5|10||||0.5|1.75|3||||1.35|1.52|1.7|||||1.55|||42|92|141|0.05|0.08|0.1||16.5|||13.2|||6.4|||40||0|0.7|1.5|8|9|10|0|1.5|3|0|0|0|".10"|".10"|0|0|0|0|0|0|0|0|0|0|0|0|1.4|5.2|9.2|1|3.9|6.9|1|2.4|4.4|3.6|4.8|6|||||||||||||||||||||||||||||||||"118960:918051"|"118960:3182840"
"H2"||"C"||1||15|||152|||||0|0|0|0|0|0|100|100|100|100|100|100|50|65|80|5|15|35||92.9|||0.6|||12.7|||36|||36.6|||7|||1.6||||||||1|5.5|10||||0|0.25|0.5||||1.6|1.65|1.7|||||1.68|||42|92|141|0.05|0.06|0.07||15|||11.2|||4.4|||36||0|0.7|1.5|8|9|10|0|1.5|3|0|0|0|".10"|".10"|0|0|0|0|0|0|0|0|0|0|0|0|0.2|1.8|3.6|0.2|1.4|2.7|1|2.4|4.4|4.5|5.5|6.5|||||||||||||||||||||||||||||||||"118960:918051"|"118960:3182841"
"H1"||"H"||1||0|||23|||||0|0|0|0|0|0|90|100|100|80|100|100|40|65|70|12|35|40||43|||1.9|||0.7|||9.5|||18.2|||12.7|||38.5||||||||10|18.5|27||||2|3|4||||1.2|1.3|1.4|||||1.36|||14|28|42|0.16|0.19|0.22|||||22.6|||13.7|||47||0|1.5|2.9|16|24|31|2|6|10|0|0|0|".32"|".32"|0|0|0|0|0|0|0|0|0|0|0|0|7|11.4|15.8|5.2|8.5|11.8|1|2.4|4.4|4.5|5|5.5|||||||||||||||||||||||||||||||||"118959:1816556"|"118959:7240829"
"H2"||"H"||2||23|||74|||||0|0|0|0|0|0|90|100|100|80|100|100|48|85|90|24|45|55||34.4|||0.8|||5.1|||9.1|||12.5|||6.9|||37.6||||||||18|28|35||||0.5|0.75|1||||1.3|1.38|1.45|||||1.44|||4|9|14|0.12|0.14|0.16|||||25|||17.1|||45||0|1.5|2.9|23|32|38|6|11|14|0|1|5|".32"|".32"|0|0|0|0|0|0|0|0|0|0|0|0|5.6|8.7|11|4.2|6.5|8.2|1|2.4|4.4|4.5|5|5.5|||||||||||||||||||||||||||||||||"118959:1816556"|"118959:7240830"
"H3"||"H"||3||74|||152|||||0|0|0|0|0|0|90|100|100|80|100|100|40|60|80|4|10|30||93.2|||0.6|||12.7|||36.1|||36.7|||7.1|||1.3||||||||1|5.5|10||||0|0.1|0.2||||1.6|1.65|1.7|||||1.73|||42|92|141|0.03|0.05|0.06||14.7|||10.9|||4.2|||36||0|1.5|2.9|8|12|16|0|0|2|0|0|0|".10"|".10"|0|0|0|0|0|0|0|0|0|0|0|0|0.2|1.6|3|0.2|1.2|2.2|1|2.4|4.4|4.5|5|5.5|||||||||||||||||||||||||||||||||"118959:1816556"|"118959:7240831"
"H1"||"A"||||0|||15|||||0|0|0|0|0|0|100|100|100|100|100|100|50|72|80|5|28|35||93.2|||0|||1.4|||17|||58.2|||16.6|||1.3||||||||1|5.5|10||||0.5|1.75|3||||1.35|1.52|1.7|||||1.55|||42|92|141|0.05|0.08|0.1||16.5|||13.2|||6.4|||40||0|0.7|1.5|8|9|10|0|1.5|3|0|0|0|".10"|".10"|0|0|0|0|0|0|0|0|0|0|0|0|1.4|5.2|9.2|1|3.9|6.9|1|2.4|4.4|3.6|4.8|6|||||||||||||||||||||||||||||||||"118959:918050"|"118959:3182838"
"H2"||"C"||1||15|||152|||||0|0|0|0|0|0|100|100|100|100|100|100|50|65|80|5|15|35||92.9|||0.6|||12.7|||36|||36.6|||7|||1.6||||||||1|5.5|10||||0|0.25|0.5||||1.6|1.65|1.7|||||1.68|||42|92|141|0.05|0.06|0.07||15|||11.2|||4.4|||36||0|0.7|1.5|8|9|10|0|1.5|3|0|0|0|".10"|".10"|0|0|0|0|0|0|0|0|0|0|0|0|0.2|1.8|3.6|0.2|1.4|2.7|1|2.4|4.4|4.5|5.5|6.5|||||||||||||||||||||||||||||||||"118959:918050"|"118959:3182839"
"H1"||"H"||1||0|||20|||||0|0|0|0|0|0|90|100|100|80|100|100|40|65|85|12|35|55||43|||1.9|||0.7|||9.5|||18.2|||12.7|||38.5||||||||10|18.5|27||||2|3|4||||1.2|1.3|1.4|||||1.36|||14|28|42|0.16|0.19|0.22|||||22.6|||13.7|||47||0|1.5|2.9|16|24|31|2|6|10|0|0|3|".32"|".32"|0|0|0|0|0|0|0|0|0|0|0|0|7|11.4|15.8|5.2|8.5|11.8|1|2.4|4.4|4.5|5|5.5|||||||||||||||||||||||||||||||||"118958:1573934"|"118958:5553785"
"H2"||"H"||2||20|||76|||||0|0|0|0|0|0|90|100|100|80|100|100|48|65|95|24|35|75||34.4|||0.1|||0.7|||7.8|||15.9|||11.3|||37.6||||||||18|28|35||||0.5|0.75|1||||1.3|1.38|1.45|||||1.44|||4|9|14|0.12|0.14|0.16|||||25|||17.1|||45||0|1.5|2.9|23|32|38|6|11|14|0|0|10|".32"|".32"|0|0|0|0|0|0|0|0|0|0|0|0|5.6|8.7|11|4.2|6.5|8.2|1|2.4|4.4|4.5|5|5.5|||||||||||||||||||||||||||||||||"118958:1573934"|"118958:5553786"
"H3"||"H"||3||76|||152|||||0|0|0|0|0|0|90|100|100|80|100|100|40|73|80|4|28|35||93.2|||0|||1.4|||17|||58.2|||16.6|||1.3||||||||1|5.5|10||||0|0.1|0.2||||1.6|1.65|1.7|||||1.73|||42|92|141|0.03|0.05|0.06||14.9|||11.1|||4.3|||36||0|1.5|2.9|8|12|16|0|0|2|0|0|0|".10"|".10"|0|0|0|0|0|0|0|0|0|0|0|0|0.2|1.6|3|0.2|1.2|2.2|1|2.4|4.4|4.5|5|5.5|||||||||||||||||||||||||||||||||"118958:1573934"|"118958:5553787"
